[HouseData]
Venta = 0
Nivel = 7
Interior = 0
CInterior = 0
CExterior = 0
Owner = Nobody
ExteriorX = 962.291381
ExteriorY = -1824.265380
ExteriorZ = 13.326559
ExteriorR = 0.000000
ExteriorA = 343.531768
InteriorX = -441.553924
InteriorY = 2772.356445
InteriorZ = 70.429687
InteriorR = 0.000000
InteriorA = 102.158287
Seguro = 1
Renta = 0
RentaPrecio = 0
Precio = 165000
SafeMoney = 0
Pot = 0
Crack = 0
Materials = 0
Wep1 = 0
Wep2 = 0
Wep3 = 0
Wep4 = 0
Wep5 = 0
Direccion = Verona Beach
FCount = 16
FModel0 = 2136
FModel1 = 2025
FModel2 = 2764
FModel3 = 0
FModel4 = 2514
FModel5 = 2527
FModel6 = 2280
FModel7 = 2572
FModel8 = 0
FModel9 = 2149
FModel10 = 2788
FModel11 = 1803
FModel12 = 1518
FModel13 = 2572
FModel14 = 19388
FModel15 = 19128
FModel16 = 2855
FModel17 = 2815
FPosX0 = -442.120635
FPosY0 = 2784.675292
FPosZ0 = 69.509674
FRotX0 = 0.000000
FRotY0 = 0.000000
FRotZ0 = 0.000000
FPosX1 = -445.415191
FPosY1 = 2791.982910
FPosZ1 = 69.339691
FRotX1 = 0.000000
FRotY1 = 0.000000
FRotZ1 = 0.000000
FPosX2 = -438.416351
FPosY2 = 2774.652587
FPosZ2 = 70.059700
FRotX2 = 0.000000
FRotY2 = 0.000000
FRotZ2 = 0.000000
FPosX3 = 0.000000
FPosY3 = 0.000000
FPosZ3 = 0.000000
FRotX3 = 0.000000
FRotY3 = 0.000000
FRotZ3 = 0.000000
FPosX4 = -449.580566
FPosY4 = 2784.010498
FPosZ4 = 69.557128
FRotX4 = 0.000000
FRotY4 = 0.000000
FRotZ4 = 0.000000
FPosX5 = -447.602416
FPosY5 = 2782.936523
FPosZ5 = 69.619682
FRotX5 = 0.000000
FRotY5 = 0.000000
FRotZ5 = 0.000000
FPosX6 = -443.332214
FPosY6 = 2783.227050
FPosZ6 = 70.429687
FRotX6 = 0.000000
FRotY6 = 0.000000
FRotZ6 = 0.000000
FPosX7 = -442.555755
FPosY7 = 2789.673339
FPosZ7 = 69.349578
FRotX7 = 0.000000
FRotY7 = -1.200006
FRotZ7 = -88.299949
FPosX8 = 0.000000
FPosY8 = 0.000000
FPosZ8 = 0.000000
FRotX8 = 0.000000
FRotY8 = 0.000000
FRotZ8 = 0.000000
FPosX9 = -444.893096
FPosY9 = 2791.706787
FPosZ9 = 71.999702
FRotX9 = 0.000000
FRotY9 = 0.000000
FRotZ9 = 0.000000
FPosX10 = -437.698577
FPosY10 = 2774.622802
FPosZ10 = 70.129676
FRotX10 = 0.000000
FRotY10 = 0.000000
FRotZ10 = 0.000000
FPosX11 = -447.971649
FPosY11 = 2787.367431
FPosZ11 = 69.289695
FRotX11 = 0.000000
FRotY11 = 0.000000
FRotZ11 = 0.000000
FPosX12 = -448.354003
FPosY12 = 2788.034667
FPosZ12 = 71.319648
FRotX12 = 0.000000
FRotY12 = 0.000000
FRotZ12 = 91.900024
FPosX13 = -438.928680
FPosY13 = 2782.674560
FPosZ13 = 69.549682
FRotX13 = 0.000000
FRotY13 = 0.000000
FRotZ13 = -88.100021
FPosX17 = -442.986083
FPosY17 = 2780.519775
FPosZ17 = 69.439697
FRotX17 = 0.000000
FRotY17 = 0.000000
FRotZ17 = 0.000000
FPosX14 = -442.858795
FPosY14 = 2781.158203
FPosZ14 = 70.679710
FRotX14 = 0.000000
FRotY14 = 0.000000
FRotZ14 = 0.000000
FPosX16 = -437.821197
FPosY16 = 2781.199218
FPosZ16 = 69.789680
FRotX16 = 0.000000
FRotY16 = 0.000000
FRotZ16 = 0.000000
FPosX15 = -438.881286
FPosY15 = 2781.289550
FPosZ15 = 69.449630
FRotX15 = 0.000000
FRotY15 = 0.000000
FRotZ15 = 0.000000
SlotRopero1 = 0
SlotRopero2 = 0
SlotRopero3 = 0
SlotRopero4 = 0
SlotRopero5 = 0
SlotRopero6 = 0
SlotRopero7 = 0
SlotRopero8 = 0
SlotRopero9 = 0
SlotRopero10 = 0
Tamano = 0
GInterior = 0
GExteriorX = 0.000000
GExteriorY = 0.000000
GExteriorZ = 0.000000
GExteriorR = 0.000000
Ammo1 = 0
Ammo2 = 0
Ammo3 = 0
Ammo4 = 0
Ammo5 = 0
