[HouseData]
Venta = 0
Nivel = 5
Interior = 10
CInterior = 0
CExterior = 0
Owner = Deion_Washington
ExteriorX = 1980.379760
ExteriorY = -1718.901000
ExteriorZ = 17.030277
ExteriorR = 0.000000
ExteriorA = 92.950775
InteriorX = 2270.418701
InteriorY = -1210.558959
InteriorZ = 1047.562500
InteriorR = 0.000000
InteriorA = 271.215728
Seguro = 1
Renta = 0
RentaPrecio = 1
Precio = 100000
SafeMoney = 0
Pot = 0
Crack = 0
Materials = 0
Wep1 = 0
Wep2 = 0
Wep3 = 0
Wep4 = 0
Wep5 = 0
Direccion = 
SlotRopero1 = 20
SlotRopero2 = 0
SlotRopero3 = 0
SlotRopero4 = 0
SlotRopero5 = 0
SlotRopero6 = 0
SlotRopero7 = 0
SlotRopero8 = 0
SlotRopero9 = 0
SlotRopero10 = 0
Tamano = 0
GInterior = 0
GExteriorX = 0.000000
GExteriorY = 0.000000
GExteriorZ = 0.000000
GExteriorR = 0.000000
Ammo1 = 0
Ammo2 = 0
Ammo3 = 0
Ammo4 = 0
Ammo5 = 0
