[HouseData]
Venta = 0
Nivel = 3
Interior = 0
CInterior = 0
CExterior = 0
Owner = Nobody
ExteriorX = 2146.527343
ExteriorY = -1808.486694
ExteriorZ = 16.140625
ExteriorR = 0.000000
ExteriorA = 92.009651
InteriorX = -501.825164
InteriorY = 2811.056396
InteriorZ = 69.300003
InteriorR = 0.000000
InteriorA = 271.310852
Seguro = 1
Renta = 0
RentaPrecio = 0
Precio = 25000
SafeMoney = 0
Pot = 0
Crack = 0
Materials = 0
Wep1 = 0
Wep2 = 0
Wep3 = 0
Wep4 = 0
Wep5 = 0
Direccion = 
FCount = 8
FModel0 = 2617
FModel1 = 1801
FModel2 = 2157
FModel3 = 19433
FModel4 = 2111
FModel5 = 2121
FModel6 = 2121
FModel7 = 1985
FPosX0 = -499.901733
FPosY0 = 2813.651123
FPosZ0 = 68.953163
FRotX0 = -0.799998
FRotY0 = 0.199999
FRotZ0 = 1.599999
FPosX1 = -494.599121
FPosY1 = 2812.145507
FPosZ1 = 68.353332
FRotX1 = -0.700001
FRotY1 = -0.300000
FRotZ1 = 179.400070
FPosX2 = -494.457672
FPosY2 = 2812.414062
FPosZ2 = 68.246345
FRotX2 = 1.500000
FRotY2 = -0.599994
FRotZ2 = -92.800056
FPosX3 = -497.758911
FPosY3 = 2810.164062
FPosZ3 = 69.079170
FRotX3 = -90.100006
FRotY3 = 2.700000
FRotZ3 = -2.500001
FPosX4 = -498.770111
FPosY4 = 2809.490478
FPosZ4 = 68.710044
FRotX4 = 0.000000
FRotY4 = 0.000000
FRotZ4 = 0.000000
FPosX5 = -498.209350
FPosY5 = 2810.635009
FPosZ5 = 68.800010
FRotX5 = 0.000000
FRotY5 = 0.000000
FRotZ5 = -99.699989
FPosX7 = -496.750396
FPosY7 = 2808.485351
FPosZ7 = 71.528190
FRotX7 = 0.000000
FRotY7 = 0.000000
FRotZ7 = -3.700000
SlotRopero1 = 44
SlotRopero2 = 247
SlotRopero3 = 0
SlotRopero4 = 0
SlotRopero5 = 0
SlotRopero6 = 0
SlotRopero7 = 0
SlotRopero8 = 0
SlotRopero9 = 0
SlotRopero10 = 0
Tamano = 0
GInterior = 0
GExteriorX = 0.000000
GExteriorY = 0.000000
GExteriorZ = 0.000000
GExteriorR = 0.000000
Ammo1 = 0
Ammo2 = 0
Ammo3 = 0
Ammo4 = 0
Ammo5 = 0
