[HouseData]
Venta = 1
Nivel = 2
Interior = 0
CInterior = 0
CExterior = 0
Owner = Franco_Stracci
ExteriorX = 2257.194335
ExteriorY = -1643.956787
ExteriorZ = 15.808191
ExteriorR = 0.000000
ExteriorA = 349.729888
InteriorX = -585.894042
InteriorY = 2824.794677
InteriorZ = 52.607810
InteriorR = 0.000000
InteriorA = 358.395019
Seguro = 1
Renta = 0
RentaPrecio = 0
Precio = 10000
SafeMoney = 0
Pot = 0
Crack = 0
Materials = 0
Wep1 = 0
Wep2 = 0
Wep3 = 0
Wep4 = 0
Wep5 = 0
Direccion = Ganton
FCount = 11
FModel0 = 2299
FPosX0 = -577.428955
FPosY0 = 2826.982910
FPosZ0 = 51.587841
FRotX0 = 0.000000
FRotY0 = 0.000000
FRotZ0 = -178.399917
FModel1 = 2290
FModel2 = 2637
FPosX1 = -586.097473
FPosY1 = 2830.824218
FPosZ1 = 51.669998
FRotX1 = 0.000000
FRotY1 = 0.000000
FRotZ1 = 0.000000
FPosX2 = -584.995056
FPosY2 = 2827.959472
FPosZ2 = 52.017852
FRotX2 = 0.000000
FRotY2 = 0.000000
FRotZ2 = 0.000000
FModel3 = 1502
FPosX3 = -581.570251
FPosY3 = 2826.671875
FPosZ3 = 51.627830
FRotX3 = 0.000000
FRotY3 = 0.000000
FRotZ3 = 90.700004
SlotRopero1 = 143
SlotRopero2 = 0
SlotRopero3 = 0
SlotRopero4 = 0
SlotRopero5 = 0
SlotRopero6 = 0
SlotRopero7 = 0
SlotRopero8 = 0
SlotRopero9 = 0
SlotRopero10 = 0
Ammo1 = 0
Ammo2 = 0
Ammo3 = 0
Ammo4 = 0
Ammo5 = 0
FModel4 = 2025
FModel5 = 2527
FModel6 = 2229
FModel7 = 2229
FModel8 = 2297
FModel9 = 1518
FModel10 = 18646
Tamano = 0
GInterior = 0
GExteriorX = 0.000000
GExteriorY = 0.000000
GExteriorZ = 0.000000
GExteriorR = 0.000000
