[HouseData]
Venta = 0
Nivel = 1
Interior = 0
CInterior = 0
CExterior = 0
Owner = Nobody
ExteriorX = 2908.236083
ExteriorY = -808.049438
ExteriorZ = 145.192199
ExteriorR = 0.000000
ExteriorA = 152.052124
InteriorX = 2909.955810
InteriorY = -808.160217
InteriorZ = 11.075306
InteriorR = 0.000000
InteriorA = 270.389282
Seguro = 1
Renta = 0
RentaPrecio = 0
Precio = 1
SafeMoney = 0
Pot = 0
Crack = 0
Materials = 0
Wep1 = 0
Wep2 = 0
Wep3 = 0
Wep4 = 0
Wep5 = 0
Direccion = Los Santos
SlotRopero1 = 21
SlotRopero2 = 0
SlotRopero3 = 0
SlotRopero4 = 0
SlotRopero5 = 0
SlotRopero6 = 0
SlotRopero7 = 0
SlotRopero8 = 0
SlotRopero9 = 0
SlotRopero10 = 0
Tamano = 0
GInterior = 0
GExteriorX = 0.000000
GExteriorY = 0.000000
GExteriorZ = 0.000000
GExteriorR = 0.000000
Ammo1 = 0
Ammo2 = 0
Ammo3 = 0
Ammo4 = 0
Ammo5 = 0
