[HouseData]
Venta = 0
Nivel = 11
Interior = 159
CInterior = 0
CExterior = 0
Owner = Nobody
ExteriorX = 1653.980102
ExteriorY = -1655.006347
ExteriorZ = 22.515625
ExteriorR = 0.000000
ExteriorA = 3.488238
InteriorX = 2453.424560
InteriorY = -1368.615478
InteriorZ = -15.985632
InteriorR = 0.000000
InteriorA = 183.167190
Seguro = 1
Renta = 0
RentaPrecio = 0
Precio = 1000000
SafeMoney = 0
Pot = 0
Crack = 0
Materials = 0
Wep1 = 0
Wep2 = 0
Wep3 = 0
Wep4 = 0
Wep5 = 0
Direccion = Commerce
SlotRopero1 = 0
SlotRopero2 = 21
SlotRopero3 = 21
SlotRopero4 = 101
SlotRopero5 = 0
SlotRopero6 = 0
SlotRopero7 = 0
SlotRopero8 = 0
SlotRopero9 = 0
SlotRopero10 = 0
Tamano = 0
GInterior = 0
GExteriorX = 0.000000
GExteriorY = 0.000000
GExteriorZ = 0.000000
GExteriorR = 0.000000
Ammo1 = 0
Ammo2 = 0
Ammo3 = 0
Ammo4 = 0
Ammo5 = 0
