[HouseData]
Venta = 0
Nivel = 8
Interior = 0
CInterior = 0
CExterior = 0
Owner = Nobody
ExteriorX = 1141.808959
ExteriorY = -1069.959838
ExteriorZ = 31.765625
ExteriorR = 0.000000
ExteriorA = 92.885887
InteriorX = -561.715881
InteriorY = 2823.186279
InteriorZ = 56.729686
InteriorR = 0.000000
InteriorA = 353.381683
Seguro = 1
Renta = 0
RentaPrecio = 0
Precio = 205000
SafeMoney = 0
Pot = 0
Crack = 0
Materials = 0
Wep1 = 0
Wep2 = 0
Wep3 = 0
Wep4 = 0
Wep5 = 0
FCount = 2
FModel0 = 1794
FModel1 = 0
FModel2 = 0
FModel3 = 0
FModel4 = 0
FModel5 = 0
FModel6 = 0
FModel7 = 2135
FPosX0 = -568.193176
FPosY0 = 2827.566650
FPosZ0 = 55.716976
FRotX0 = 0.000000
FRotY0 = 0.000000
FRotZ0 = 1.599998
FPosX1 = 0.000000
FPosY1 = 0.000000
FPosZ1 = 0.000000
FRotX1 = 0.000000
FRotY1 = 0.000000
FRotZ1 = 0.000000
FPosX2 = 0.000000
FPosY2 = 0.000000
FPosZ2 = 0.000000
FRotX2 = 0.000000
FRotY2 = 0.000000
FRotZ2 = 0.000000
FPosX3 = 0.000000
FPosY3 = 0.000000
FPosZ3 = 0.000000
FRotX3 = 0.000000
FRotY3 = 0.000000
FRotZ3 = 0.000000
FPosX4 = 0.000000
FPosY4 = 0.000000
FPosZ4 = 0.000000
FRotX4 = 0.000000
FRotY4 = 0.000000
FRotZ4 = 0.000000
FPosX5 = 0.000000
FPosY5 = 0.000000
FPosZ5 = 0.000000
FRotX5 = 0.000000
FRotY5 = 0.000000
FRotZ5 = 0.000000
FPosX6 = 0.000000
FPosY6 = 0.000000
FPosZ6 = 0.000000
FRotX6 = 0.000000
FRotY6 = 0.000000
FRotZ6 = 0.000000
FPosX7 = -556.680419
FPosY7 = 2830.627197
FPosZ7 = 55.689678
FRotX7 = 0.000000
FRotY7 = 0.000000
FRotZ7 = 0.000000
Direccion = Temple
SlotRopero1 = 23
SlotRopero2 = 223
SlotRopero3 = 98
SlotRopero4 = 23
SlotRopero5 = 0
SlotRopero6 = 0
SlotRopero7 = 0
SlotRopero8 = 0
SlotRopero9 = 0
SlotRopero10 = 0
Tamano = 2
GInterior = 0
GExteriorX = 1146.041259
GExteriorY = -1061.354614
GExteriorZ = 29.654754
GExteriorR = 89.989372
Ammo1 = 0
Ammo2 = 0
Ammo3 = 0
Ammo4 = 0
Ammo5 = 0
