[HouseData]
Venta = 0
Nivel = 5
Interior = 1
CInterior = 0
CExterior = 0
Owner = Nobody
ExteriorX = 2018.234497
ExteriorY = -1703.244140
ExteriorZ = 14.234375
ExteriorR = 0.000000
ExteriorA = 273.684539
InteriorX = -585.604003
InteriorY = 2825.086669
InteriorZ = 52.607810
InteriorR = 0.000000
InteriorA = 165.108642
Seguro = 1
Renta = 0
RentaPrecio = 0
Precio = 140000
SafeMoney = 0
Pot = 0
Crack = 0
Materials = 0
Wep1 = 0
Wep2 = 0
Wep3 = 0
Wep4 = 0
Wep5 = 0
Direccion = Idlewood
FCount = 14
FModel0 = 0
FModel1 = 0
FModel2 = 2527
FModel3 = 0
FModel4 = 2635
FModel5 = 0
FModel6 = 2571
FModel7 = 2101
FModel8 = 1518
FModel9 = 2701
FModel10 = 19317
FPosX0 = 0.000000
FPosY0 = 0.000000
FPosZ0 = 0.000000
FRotX0 = 0.000000
FRotY0 = 0.000000
FRotZ0 = 0.000000
FPosX1 = 0.000000
FPosY1 = 0.000000
FPosZ1 = 0.000000
FRotX1 = 0.000000
FRotY1 = 0.000000
FRotZ1 = 0.000000
FPosX2 = 0.000000
FPosY2 = 0.000000
FPosZ2 = 0.000000
FRotX2 = 0.000000
FRotY2 = 0.000000
FRotZ2 = 0.000000
FPosX3 = 0.000000
FPosY3 = 0.000000
FPosZ3 = 0.000000
FRotX3 = 0.000000
FRotY3 = 0.000000
FRotZ3 = 0.000000
FPosX4 = -552.243530
FPosY4 = 2826.508056
FPosZ4 = 56.252944
FRotX4 = 0.000000
FRotY4 = 0.000000
FRotZ4 = -90.899986
FPosX5 = 0.000000
FPosY5 = 0.000000
FPosZ5 = 0.000000
FRotX5 = 0.000000
FRotY5 = 0.000000
FRotZ5 = 0.000000
FPosX6 = 0.000000
FPosY6 = 0.000000
FPosZ6 = 0.000000
FRotX6 = 0.000000
FRotY6 = 0.000000
FRotZ6 = 0.000000
FPosX7 = -570.853942
FPosY7 = 2835.550781
FPosZ7 = 56.366989
FRotX7 = 0.000000
FRotY7 = 0.000000
FRotZ7 = 89.100006
FPosX8 = -584.330871
FPosY8 = 2831.134521
FPosZ8 = 52.327808
FRotX8 = 0.000000
FRotY8 = 0.000000
FRotZ8 = 0.000000
FPosX9 = 0.000000
FPosY9 = 0.000000
FPosZ9 = 0.000000
FRotX9 = 0.000000
FRotY9 = 0.000000
FRotZ9 = 0.000000
FPosX10 = -574.781982
FPosY10 = 2827.290039
FPosZ10 = 53.589988
FRotX10 = 5.000000
FRotY10 = 24.899995
FRotZ10 = -84.100036
FModel11 = 2636
FModel12 = 2156
FModel13 = 2128
FModel14 = 2158
FModel15 = 2157
FModel16 = 1502
FModel17 = 1502
FPosX11 = -570.564758
FPosY11 = 2832.689941
FPosZ11 = 56.299701
FRotX11 = 0.000000
FRotY11 = 0.000000
FRotZ11 = -90.799995
FPosX12 = 2128.761474
FPosY12 = -1781.930175
FPosZ12 = 14.867300
FRotX12 = 0.000000
FRotY12 = 0.000000
FRotZ12 = 0.000000
FPosX13 = -551.525939
FPosY13 = 2833.263916
FPosZ13 = 57.832942
FRotX13 = 0.000000
FRotY13 = 0.000000
FRotZ13 = -77.200004
FPosX14 = -445.366302
FPosY14 = 2791.392822
FPosZ14 = 71.209701
FRotX14 = 0.000000
FRotY14 = 0.000000
FRotZ14 = 0.000000
FPosX15 = -564.101684
FPosY15 = 2826.997558
FPosZ15 = 58.659683
FRotX15 = 0.000000
FRotY15 = 0.000000
FRotZ15 = -88.999977
FPosX16 = -564.392578
FPosY16 = 2829.391845
FPosZ16 = 56.409694
FRotX16 = 0.000000
FRotY16 = 0.000000
FRotZ16 = -90.799995
FPosX17 = -572.069824
FPosY17 = 2826.572998
FPosZ17 = 57.019683
FRotX17 = 0.000000
FRotY17 = 0.000000
FRotZ17 = 87.899993
SlotRopero1 = 0
SlotRopero2 = 0
SlotRopero3 = 0
SlotRopero4 = 0
SlotRopero5 = 0
SlotRopero6 = 0
SlotRopero7 = 0
SlotRopero8 = 0
SlotRopero9 = 0
SlotRopero10 = 0
Tamano = 1
GInterior = 0
GExteriorX = 2016.635253
GExteriorY = -1708.000854
GExteriorZ = 13.546875
GExteriorR = 268.662017
Ammo1 = 0
Ammo2 = 0
Ammo3 = 0
Ammo4 = 0
Ammo5 = 0
