[HouseData]
Venta = 0
Nivel = 3
Interior = 0
CInterior = 0
CExterior = 0
Owner = Nobody
ExteriorX = 2155.867431
ExteriorY = -1815.218627
ExteriorZ = 13.546875
ExteriorR = 0.000000
ExteriorA = 177.256683
InteriorX = -501.825164
InteriorY = 2811.056396
InteriorZ = 69.300003
InteriorR = 0.000000
InteriorA = 271.310852
Seguro = 1
Renta = 0
RentaPrecio = 0
Precio = 25000
SafeMoney = 0
Pot = 0
Crack = 0
Materials = 0
Wep1 = 0
Wep2 = 0
Wep3 = 0
Wep4 = 0
Wep5 = 0
Direccion = 
FCount = 9
FModel0 = 1703
FModel1 = 2099
FModel2 = 1798
FModel3 = 1516
FModel4 = 2276
FModel5 = 2120
FPosX0 = -499.019775
FPosY0 = 2814.744140
FPosZ0 = 68.217353
FRotX0 = 0.000000
FRotY0 = 0.000000
FRotZ0 = 0.000000
FPosX1 = -495.347167
FPosY1 = 2813.964355
FPosZ1 = 68.486244
FRotX1 = -3.499999
FRotY1 = 0.400000
FRotZ1 = -41.599987
FPosX2 = -497.871643
FPosY2 = 2809.919921
FPosZ2 = 68.296607
FRotX2 = -0.599999
FRotY2 = -1.500000
FRotZ2 = -93.399955
FPosX3 = -500.246856
FPosY3 = 2809.620117
FPosZ3 = 68.597328
FRotX3 = 0.000000
FRotY3 = 0.000000
FRotZ3 = 0.000000
FPosX4 = -499.458984
FPosY4 = 2809.003417
FPosZ4 = 70.209281
FRotX4 = 7.300004
FRotY4 = -1.099998
FRotZ4 = -179.100006
FPosX5 = -498.935638
FPosY5 = 2809.597900
FPosZ5 = 68.929992
FRotX5 = 0.000000
FRotY5 = 0.000000
FRotZ5 = 0.000000
FModel6 = 1518
FModel7 = 2120
FModel8 = 2229
FModel9 = 0
FModel10 = 0
FModel11 = 0
FPosX11 = 0.000000
FPosY11 = 0.000000
FPosZ11 = 0.000000
FRotX11 = 0.000000
FRotY11 = 0.000000
FRotZ11 = 0.000000
FPosX10 = 0.000000
FPosY10 = 0.000000
FPosZ10 = 0.000000
FRotX10 = 0.000000
FRotY10 = 0.000000
FRotZ10 = 0.000000
FPosX9 = 0.000000
FPosY9 = 0.000000
FPosZ9 = 0.000000
FRotX9 = 0.000000
FRotY9 = 0.000000
FRotZ9 = 0.000000
FPosX8 = -499.744567
FPosY8 = 2815.046875
FPosZ8 = 68.310012
FRotX8 = 0.000000
FRotY8 = 0.000000
FRotZ8 = 0.000000
FPosX7 = -501.334869
FPosY7 = 2809.453857
FPosZ7 = 68.870819
FRotX7 = -6.500000
FRotY7 = 4.200000
FRotZ7 = 176.600051
FPosX6 = -497.858978
FPosY6 = 2808.782226
FPosZ6 = 70.923820
FRotX6 = 8.199999
FRotY6 = 0.000000
FRotZ6 = 176.700027
SlotRopero1 = 0
SlotRopero2 = 59
SlotRopero3 = 0
SlotRopero4 = 0
SlotRopero5 = 0
SlotRopero6 = 0
SlotRopero7 = 0
SlotRopero8 = 0
SlotRopero9 = 0
SlotRopero10 = 0
Tamano = 0
GInterior = 0
GExteriorX = 0.000000
GExteriorY = 0.000000
GExteriorZ = 0.000000
GExteriorR = 0.000000
Ammo1 = 0
Ammo2 = 0
Ammo3 = 0
Ammo4 = 0
Ammo5 = 0
