[HouseData]
Venta = 0
Nivel = 2
Interior = 1
CInterior = 0
CExterior = 0
Owner = Nobody
ExteriorX = 1939.216064
ExteriorY = -1066.654785
ExteriorZ = 24.418447
ExteriorR = 0.000000
ExteriorA = 64.676017
InteriorX = -585.860107
InteriorY = 2824.697021
InteriorZ = 52.607810
InteriorR = 0.000000
InteriorA = 328.049377
Seguro = 1
Renta = 0
RentaPrecio = 0
Precio = 45000
SafeMoney = 0
Pot = 0
Crack = 0
Materials = 0
Wep1 = 0
Wep2 = 0
Wep3 = 0
Wep4 = 0
Wep5 = 0
Direccion = 
FCount = 9
FModel0 = 2090
FModel1 = 2110
FModel2 = 2526
FModel3 = 2571
FModel4 = 2277
FPosX0 = -576.588928
FPosY0 = 2825.999511
FPosZ0 = 51.587795
FRotX0 = 0.000000
FRotY0 = 0.000000
FRotZ0 = 0.000000
FPosX1 = -579.127075
FPosY1 = 2828.994628
FPosZ1 = 51.607883
FRotX1 = 0.000000
FRotY1 = 0.000000
FRotZ1 = 0.000000
FPosX2 = -584.509765
FPosY2 = 2829.732910
FPosZ2 = 54.599975
FRotX2 = 0.000000
FRotY2 = 0.000000
FRotZ2 = 0.000000
FPosX3 = -582.954406
FPosY3 = 2829.256835
FPosZ3 = 51.566158
FRotX3 = -0.099999
FRotY3 = -1.000000
FRotZ3 = -178.799926
FPosX4 = -582.207580
FPosY4 = 2831.050048
FPosZ4 = 53.370002
FRotX4 = 0.000000
FRotY4 = 0.000000
FRotZ4 = 0.000000
FModel5 = 2290
FModel6 = 1734
FModel7 = 2239
FModel8 = 638
FPosX5 = -585.512939
FPosY5 = 2831.044189
FPosZ5 = 51.524063
FRotX5 = -1.699999
FRotY5 = 0.499999
FRotZ5 = 3.599995
FPosX6 = -584.689880
FPosY6 = 2829.522705
FPosZ6 = 52.599998
FRotX6 = 0.000000
FRotY6 = 0.000000
FRotZ6 = 0.000000
FPosX7 = -582.105590
FPosY7 = 2830.988769
FPosZ7 = 51.610038
FRotX7 = 0.000000
FRotY7 = 0.000000
FRotZ7 = 0.000000
FPosX8 = 0.000000
FPosY8 = 0.000000
FPosZ8 = 0.000000
FRotX8 = 0.000000
FRotY8 = 0.000000
FRotZ8 = 0.000000
SlotRopero1 = 0
SlotRopero2 = 0
SlotRopero3 = 0
SlotRopero4 = 0
SlotRopero5 = 0
SlotRopero6 = 0
SlotRopero7 = 0
SlotRopero8 = 0
SlotRopero9 = 0
SlotRopero10 = 0
Tamano = 0
GInterior = 0
GExteriorX = 0.000000
GExteriorY = 0.000000
GExteriorZ = 0.000000
GExteriorR = 0.000000
Ammo1 = 0
Ammo2 = 0
Ammo3 = 0
Ammo4 = 0
Ammo5 = 0
