[HouseData]
Venta = 0
Nivel = 5
Interior = 0
CInterior = 0
CExterior = 0
Owner = Nobody
ExteriorX = 2013.576293
ExteriorY = -1656.394897
ExteriorZ = 14.136316
ExteriorR = 0.000000
ExteriorA = 269.772705
InteriorX = -590.727783
InteriorY = 2826.441894
InteriorZ = 58.506004
InteriorR = 0.000000
InteriorA = 232.457519
Seguro = 1
Renta = 1
RentaPrecio = 1000
Precio = 105000
SafeMoney = 0
Pot = 0
Crack = 0
Materials = 0
Wep1 = 0
Wep2 = 0
Wep3 = 0
Wep4 = 0
Wep5 = 0
FCount = 6
FModel0 = 0
FModel1 = 19173
FModel2 = 1707
FModel3 = 0
FModel4 = 1661
FModel5 = 0
FModel6 = 2255
FPosX0 = 0.000000
FPosY0 = 0.000000
FPosZ0 = 0.000000
FRotX0 = 0.000000
FRotY0 = 0.000000
FRotZ0 = 0.000000
FPosX1 = -586.583068
FPosY1 = 2823.248779
FPosZ1 = 59.805179
FRotX1 = 3.499997
FRotY1 = 0.600000
FRotZ1 = 178.800033
FPosX2 = -590.810974
FPosY2 = 2830.129394
FPosZ2 = 57.382770
FRotX2 = -1.200003
FRotY2 = -0.999999
FRotZ2 = 89.800048
FPosX3 = 0.000000
FPosY3 = 0.000000
FPosZ3 = 0.000000
FRotX3 = 0.000000
FRotY3 = 0.000000
FRotZ3 = 0.000000
FPosX4 = -586.868164
FPosY4 = 2829.989257
FPosZ4 = 61.145969
FRotX4 = 0.000000
FRotY4 = 0.000000
FRotZ4 = 0.000000
FPosX5 = 0.000000
FPosY5 = 0.000000
FPosZ5 = 0.000000
FRotX5 = 0.000000
FRotY5 = 0.000000
FRotZ5 = 0.000000
FPosX6 = -586.001586
FPosY6 = 2832.536621
FPosZ6 = 59.375999
FRotX6 = 0.000000
FRotY6 = 0.000000
FRotZ6 = 0.000000
FModel7 = 2069
FModel8 = 2026
FPosX7 = -590.927978
FPosY7 = 2832.571289
FPosZ7 = 57.526000
FRotX7 = 0.000000
FRotY7 = 0.000000
FRotZ7 = 0.000000
FPosX8 = -587.784545
FPosY8 = 2826.263671
FPosZ8 = 61.546012
FRotX8 = 0.000000
FRotY8 = 0.000000
FRotZ8 = 0.000000
Direccion = Idlewood
SlotRopero1 = 0
SlotRopero2 = 0
SlotRopero3 = 0
SlotRopero4 = 0
SlotRopero5 = 0
SlotRopero6 = 0
SlotRopero7 = 0
SlotRopero8 = 0
SlotRopero9 = 0
SlotRopero10 = 0
Tamano = 0
GInterior = 0
GExteriorX = 0.000000
GExteriorY = 0.000000
GExteriorZ = 0.000000
GExteriorR = 0.000000
Ammo1 = 0
Ammo2 = 0
Ammo3 = 0
Ammo4 = 0
Ammo5 = 0
