[HouseData]
Venta = 0
Nivel = 5
Interior = 1
CInterior = 0
CExterior = 0
Owner = Nobody
ExteriorX = 2067.566650
ExteriorY = -1643.816162
ExteriorZ = 14.136316
ExteriorR = 0.000000
ExteriorA = 89.598114
InteriorX = -585.580627
InteriorY = 2824.688232
InteriorZ = 52.607810
InteriorR = 0.000000
InteriorA = 0.924925
Seguro = 1
Renta = 0
RentaPrecio = 1
Precio = 105000
SafeMoney = 0
Pot = 0
Crack = 0
Materials = 0
Wep1 = 0
Wep2 = 0
Wep3 = 0
Wep4 = 0
Wep5 = 0
FCount = 16
FModel0 = 2704
FModel1 = 2136
FPosX0 = 241.152511
FPosY0 = 1113.732299
FPosZ0 = 1079.931152
FRotX0 = 0.000000
FRotY0 = 0.000000
FRotZ0 = 0.000000
FPosX1 = -588.465942
FPosY1 = 2828.635253
FPosZ1 = 51.474861
FRotX1 = 0.299998
FRotY1 = 0.699999
FRotZ1 = 177.300064
Direccion = Idlewood
FModel2 = 1494
FModel3 = 2296
FModel4 = 2527
FModel5 = 1985
FPosX2 = 2223.786132
FPosY2 = -1156.862426
FPosZ2 = 25.774110
FRotX2 = 0.000000
FRotY2 = 0.000000
FRotZ2 = 0.000000
FPosX3 = -576.655822
FPosY3 = 2823.595458
FPosZ3 = 51.585269
FRotX3 = 0.000000
FRotY3 = 0.199999
FRotZ3 = 179.800064
FPosX4 = 2321.939208
FPosY4 = -1022.550415
FPosZ4 = 1050.080810
FRotX4 = 0.000000
FRotY4 = 0.000000
FRotZ4 = 0.000000
FPosX5 = 2325.524658
FPosY5 = -1017.216186
FPosZ5 = 1051.331787
FRotX5 = 0.000000
FRotY5 = 0.000000
FRotZ5 = 0.000000
FModel6 = 1494
FModel7 = 1494
FModel8 = 1763
FModel9 = 1745
FModel10 = 2855
FModel11 = 2028
FPosX6 = 2326.145507
FPosY6 = -1017.213256
FPosZ6 = 1051.331542
FRotX6 = 0.000000
FRotY6 = 0.000000
FRotZ6 = 0.000000
FPosX7 = 2325.849609
FPosY7 = -1017.177368
FPosZ7 = 1051.860717
FRotX7 = 0.000000
FRotY7 = 0.000000
FRotZ7 = 0.000000
FPosX8 = 2322.575195
FPosY8 = -1021.228515
FPosZ8 = 1049.270141
FRotX8 = 0.000000
FRotY8 = 0.000000
FRotZ8 = 89.099945
FPosX9 = -575.415771
FPosY9 = 2829.600830
FPosZ9 = 53.398746
FRotX9 = 0.000000
FRotY9 = 0.000000
FRotZ9 = 90.099983
FPosX10 = -578.743408
FPosY10 = 2823.038085
FPosZ10 = 52.667812
FRotX10 = 0.000000
FRotY10 = 0.000000
FRotZ10 = 0.000000
FPosX11 = -584.728515
FPosY11 = 2831.266601
FPosZ11 = 52.167819
FRotX11 = 0.000000
FRotY11 = 0.000000
FRotZ11 = 2.499999
SlotRopero1 = 70
SlotRopero2 = 273
SlotRopero3 = 189
SlotRopero4 = 70
SlotRopero5 = 0
SlotRopero6 = 0
SlotRopero7 = 0
SlotRopero8 = 0
SlotRopero9 = 0
SlotRopero10 = 0
FModel12 = 2571
FModel13 = 1502
FModel14 = 1502
FModel15 = 1794
FModel16 = 0
FPosX14 = -581.132873
FPosY14 = 2826.717773
FPosZ14 = 51.620002
FRotX14 = 0.000000
FRotY14 = 0.000000
FRotZ14 = 87.699928
FPosX16 = 0.000000
FPosY16 = 0.000000
FPosZ16 = 0.000000
FRotX16 = 0.000000
FRotY16 = 0.000000
FRotZ16 = 0.000000
FPosX13 = -590.033447
FPosY13 = 2824.518798
FPosZ13 = 51.547813
FRotX13 = 0.000000
FRotY13 = 0.000000
FRotZ13 = 89.099990
FPosX15 = -578.157714
FPosY15 = 2825.923828
FPosZ15 = 51.600009
FRotX15 = 0.000000
FRotY15 = 0.000000
FRotZ15 = 0.000000
FPosX12 = -586.226806
FPosY12 = 2830.442871
FPosZ12 = 51.577816
FRotX12 = 0.000000
FRotY12 = 0.000000
FRotZ12 = 0.599999
Tamano = 0
GInterior = 0
GExteriorX = 0.000000
GExteriorY = 0.000000
GExteriorZ = 0.000000
GExteriorR = 0.000000
Ammo1 = 0
Ammo2 = 0
Ammo3 = 0
Ammo4 = 0
Ammo5 = 0
