[HouseData]
Venta = 0
Nivel = 4
Interior = 200
CInterior = 0
CExterior = 0
Owner = Nobody
ExteriorX = 1482.869384
ExteriorY = 2452.981445
ExteriorZ = -87.284454
ExteriorR = 0.000000
ExteriorA = 331.518005
InteriorX = -561.616821
InteriorY = 2822.836914
InteriorZ = 56.729686
InteriorR = 0.000000
InteriorA = 0.229848
Seguro = 1
Renta = 0
RentaPrecio = 0
Precio = 60000
SafeMoney = 0
Pot = 0
Crack = 0
Materials = 0
Wep1 = 0
Wep2 = 0
Wep3 = 0
Wep4 = 0
Wep5 = 0
Direccion = Julius Thruway North
SlotRopero1 = 0
SlotRopero2 = 0
SlotRopero3 = 0
SlotRopero4 = 0
SlotRopero5 = 0
SlotRopero6 = 0
SlotRopero7 = 0
SlotRopero8 = 0
SlotRopero9 = 0
SlotRopero10 = 0
Tamano = 0
GInterior = 0
GExteriorX = 0.000000
GExteriorY = 0.000000
GExteriorZ = 0.000000
GExteriorR = 0.000000
Ammo1 = 0
Ammo2 = 0
Ammo3 = 0
Ammo4 = 0
Ammo5 = 0
