[HouseData]
Venta = 0
Nivel = 3
Interior = 0
CInterior = 0
CExterior = 0
Owner = Nobody
ExteriorX = 1955.125732
ExteriorY = -1115.236083
ExteriorZ = 27.830497
ExteriorR = 0.000000
ExteriorA = 90.441955
InteriorX = -586.187194
InteriorY = 2824.645751
InteriorZ = 52.607810
InteriorR = 0.000000
InteriorA = 3.385065
Seguro = 1
Renta = 0
RentaPrecio = 0
Precio = 75000
SafeMoney = 0
Pot = 0
Crack = 0
Materials = 0
Wep1 = 0
Wep2 = 0
Wep3 = 0
Wep4 = 0
Wep5 = 0
FCount = 15
FModel0 = 2299
FPosX0 = -577.008422
FPosY0 = 2825.967529
FPosZ0 = 51.543800
FRotX0 = 1.699994
FRotY0 = 1.600001
FRotZ0 = 1.499919
FModel1 = 2025
FModel2 = 2701
FModel3 = 2527
FModel4 = 2525
FModel5 = 2524
FPosX1 = -580.380798
FPosY1 = 2823.913574
FPosZ1 = 51.619308
FRotX1 = -0.300001
FRotY1 = -0.000000
FRotZ1 = 91.199935
FPosX5 = -591.916198
FPosY5 = 2824.686767
FPosZ5 = 51.620666
FRotX5 = 1.099999
FRotY5 = -0.400000
FRotZ5 = 89.300025
FPosX4 = -590.479370
FPosY4 = 2827.523193
FPosZ4 = 51.617862
FRotX4 = 0.000000
FRotY4 = 0.000000
FRotZ4 = 0.000000
FPosX3 = -592.069213
FPosY3 = 2826.537597
FPosZ3 = 51.607891
FRotX3 = 0.000000
FRotY3 = 0.000000
FRotZ3 = 0.000000
FPosX2 = -578.042663
FPosY2 = 2826.977050
FPosZ2 = 54.447818
FRotX2 = 0.000000
FRotY2 = 0.000000
FRotZ2 = 0.000000
FModel6 = 2689
FPosX6 = -580.419494
FPosY6 = 2825.386474
FPosZ6 = 53.214313
FRotX6 = 1.600000
FRotY6 = -1.699998
FRotZ6 = -175.999969
FModel7 = 1786
FModel8 = 1502
FPosX7 = -576.357788
FPosY7 = 2822.931152
FPosZ7 = 53.170623
FRotX7 = 0.200000
FRotY7 = 0.199999
FRotZ7 = 179.699981
FPosX8 = -581.386230
FPosY8 = 2828.204589
FPosZ8 = 51.595737
FRotX8 = -1.900004
FRotY8 = 0.000000
FRotZ8 = -86.200019
FModel9 = 2844
FPosX9 = -575.877319
FPosY9 = 2823.466552
FPosZ9 = 51.607864
FRotX9 = 0.000000
FRotY9 = 0.000000
FRotZ9 = 0.000000
FModel10 = 2499
FPosX10 = -578.401733
FPosY10 = 2823.387207
FPosZ10 = 53.287479
FRotX10 = -32.100006
FRotY10 = 0.000000
FRotZ10 = 3.399999
FModel11 = 2263
FModel12 = 1661
FPosX11 = -575.275390
FPosY11 = 2826.138427
FPosZ11 = 53.331897
FRotX11 = 0.200000
FRotY11 = 0.199999
FRotZ11 = -91.599975
FPosX12 = -584.949218
FPosY12 = 2829.500976
FPosZ12 = 52.977813
FRotX12 = 0.000000
FRotY12 = 0.000000
FRotZ12 = 0.000000
FModel13 = 14491
FModel14 = 1755
FPosX13 = -585.019165
FPosY13 = 2828.367431
FPosZ13 = 53.037818
FRotX13 = 0.000000
FRotY13 = 0.000000
FRotZ13 = 0.000000
FPosX14 = -582.668029
FPosY14 = 2831.167724
FPosZ14 = 51.617847
FRotX14 = 0.000000
FRotY14 = 0.000000
FRotZ14 = -36.000000
Direccion = Glen Park
SlotRopero1 = 0
SlotRopero2 = 0
SlotRopero3 = 0
SlotRopero4 = 0
SlotRopero5 = 0
SlotRopero6 = 0
SlotRopero7 = 0
SlotRopero8 = 0
SlotRopero9 = 0
SlotRopero10 = 0
Tamano = 0
GInterior = 0
GExteriorX = 0.000000
GExteriorY = 0.000000
GExteriorZ = 0.000000
GExteriorR = 0.000000
Ammo1 = 0
Ammo2 = 0
Ammo3 = 0
Ammo4 = 0
Ammo5 = 0
