[HouseData]
Venta = 0
Nivel = 4
Interior = 0
CInterior = 1
CExterior = 0
Owner = Nobody
ExteriorX = 2067.700927
ExteriorY = -1628.920898
ExteriorZ = 14.206626
ExteriorR = 0.000000
ExteriorA = 81.144317
InteriorX = -441.796173
InteriorY = 2772.237792
InteriorZ = 70.429687
InteriorR = 0.000000
InteriorA = 282.869812
Seguro = 1
Renta = 0
RentaPrecio = 0
Precio = 54000
SafeMoney = 0
Pot = 0
Crack = 0
Materials = 0
Wep1 = 0
Wep2 = 0
Wep3 = 0
Wep4 = 0
Wep5 = 0
Direccion = Idlewood
SlotRopero1 = 21
SlotRopero2 = 181
SlotRopero3 = 0
SlotRopero4 = 0
SlotRopero5 = 0
SlotRopero6 = 0
SlotRopero7 = 0
SlotRopero8 = 0
SlotRopero9 = 0
SlotRopero10 = 0
Tamano = 0
GInterior = 0
GExteriorX = 0.000000
GExteriorY = 0.000000
GExteriorZ = 0.000000
GExteriorR = 0.000000
Ammo1 = 0
Ammo2 = 0
Ammo3 = 0
Ammo4 = 0
Ammo5 = 0
