[HouseData]
Venta = 0
Nivel = 3
Interior = 0
CInterior = 0
CExterior = 0
Owner = Nobody
ExteriorX = 2151.048583
ExteriorY = -1807.890991
ExteriorZ = 13.546319
ExteriorR = 0.000000
ExteriorA = 86.892990
InteriorX = -501.825164
InteriorY = 2811.056396
InteriorZ = 69.300003
InteriorR = 0.000000
InteriorA = 271.310852
Seguro = 1
Renta = 0
RentaPrecio = 0
Precio = 25000
SafeMoney = 0
Pot = 0
Crack = 0
Materials = 0
Wep1 = 0
Wep2 = 0
Wep3 = 0
Wep4 = 0
Wep5 = 0
FCount = 6
FModel0 = 1796
FModel1 = 2100
FModel2 = 2239
FPosX0 = -494.468078
FPosY0 = 2810.402832
FPosZ0 = 68.326858
FRotX0 = -5.900000
FRotY0 = -1.499999
FRotZ0 = -92.400001
FPosX1 = -495.285675
FPosY1 = 2811.271240
FPosZ1 = 69.307327
FRotX1 = 0.000000
FRotY1 = 0.000000
FRotZ1 = 0.000000
FPosX2 = -498.334777
FPosY2 = 2809.427246
FPosZ2 = 68.300018
FRotX2 = 0.000000
FRotY2 = 0.000000
FRotZ2 = 0.000000
FModel3 = 2028
FPosX3 = -498.026428
FPosY3 = 2814.709716
FPosZ3 = 68.580001
FRotX3 = 0.000000
FRotY3 = 0.000000
FRotZ3 = 0.000000
FModel4 = 19159
FModel5 = 1518
FPosX4 = -498.112121
FPosY4 = 2811.123535
FPosZ4 = 72.077301
FRotX4 = 0.000000
FRotY4 = 0.000000
FRotZ4 = 0.000000
FPosX5 = -497.845336
FPosY5 = 2815.381347
FPosZ5 = 69.887359
FRotX5 = 0.000000
FRotY5 = 0.000000
FRotZ5 = 0.000000
FModel6 = 0
FPosX6 = 0.000000
FPosY6 = 0.000000
FPosZ6 = 0.000000
FRotX6 = 0.000000
FRotY6 = 0.000000
FRotZ6 = 0.000000
FModel7 = 0
FPosX7 = 0.000000
FPosY7 = 0.000000
FPosZ7 = 0.000000
FRotX7 = 0.000000
FRotY7 = 0.000000
FRotZ7 = 0.000000
FModel8 = 0
FModel9 = 0
FPosX9 = 0.000000
FPosY9 = 0.000000
FPosZ9 = 0.000000
FRotX9 = 0.000000
FRotY9 = 0.000000
FRotZ9 = 0.000000
FModel10 = 0
FPosX10 = 0.000000
FPosY10 = 0.000000
FPosZ10 = 0.000000
FRotX10 = 0.000000
FRotY10 = 0.000000
FRotZ10 = 0.000000
FPosX8 = 0.000000
FPosY8 = 0.000000
FPosZ8 = 0.000000
FRotX8 = 0.000000
FRotY8 = 0.000000
FRotZ8 = 0.000000
Direccion = 
SlotRopero1 = 123
SlotRopero2 = 181
SlotRopero3 = 247
SlotRopero4 = 126
SlotRopero5 = 0
SlotRopero6 = 0
SlotRopero7 = 0
SlotRopero8 = 0
SlotRopero9 = 0
SlotRopero10 = 0
Ammo1 = 0
Ammo2 = 0
Ammo3 = 0
Ammo4 = 0
Ammo5 = 0
Tamano = 0
GInterior = 0
GExteriorX = 0.000000
GExteriorY = 0.000000
GExteriorZ = 0.000000
GExteriorR = 0.000000
