[HouseData]
Venta = 0
Nivel = 3
Interior = 0
CInterior = 0
CExterior = 0
Owner = Nobody
ExteriorX = 1976.213623
ExteriorY = -1634.098022
ExteriorZ = 16.211059
ExteriorR = 0.000000
ExteriorA = 274.355041
InteriorX = -590.792175
InteriorY = 2826.416503
InteriorZ = 58.506004
InteriorR = 0.000000
InteriorA = 263.744171
Seguro = 1
Renta = 0
RentaPrecio = 0
Precio = 25000
SafeMoney = 0
Pot = 0
Crack = 0
Materials = 0
Wep1 = 0
Wep2 = 0
Wep3 = 0
Wep4 = 0
Wep5 = 0
FCount = 5
FModel0 = 1803
FModel1 = 2596
FPosX0 = -588.160217
FPosY0 = 2828.940673
FPosZ0 = 57.496036
FRotX0 = 0.000000
FRotY0 = 0.000000
FRotZ0 = 0.000000
FPosX1 = -586.457519
FPosY1 = 2824.264404
FPosZ1 = 57.648769
FRotX1 = -9.100008
FRotY1 = -0.399994
FRotZ1 = 177.899932
Direccion = 
FModel2 = 19360
FModel3 = 2571
FModel4 = 19159
FPosX4 = -584.907409
FPosY4 = 2828.916259
FPosZ4 = 61.396015
FRotX4 = 0.000000
FRotY4 = 0.000000
FRotZ4 = 0.000000
FPosX3 = -587.868286
FPosY3 = 2824.626708
FPosZ3 = 57.566261
FRotX3 = -0.899998
FRotY3 = 2.499998
FRotZ3 = 179.099914
FPosX2 = -587.268859
FPosY2 = 2828.392822
FPosZ2 = 57.491279
FRotX2 = -1.000001
FRotY2 = 91.499961
FRotZ2 = 0.800001
SlotRopero1 = 59
SlotRopero2 = 29
SlotRopero3 = 171
SlotRopero4 = 0
SlotRopero5 = 0
SlotRopero6 = 0
SlotRopero7 = 0
SlotRopero8 = 0
SlotRopero9 = 0
SlotRopero10 = 0
Tamano = 0
GInterior = 0
GExteriorX = 0.000000
GExteriorY = 0.000000
GExteriorZ = 0.000000
GExteriorR = 0.000000
Ammo1 = 0
Ammo2 = 0
Ammo3 = 0
Ammo4 = 0
Ammo5 = 0
