[HouseData]
Venta = 1
Nivel = 6
Interior = 0
CInterior = 0
CExterior = 0
Owner = Bruno_Hoffman
ExteriorX = 1411.174560
ExteriorY = -920.872680
ExteriorZ = 38.421875
ExteriorR = 0.000000
ExteriorA = 6.546432
InteriorX = 107.457473
InteriorY = 2791.285400
InteriorZ = 53.139060
InteriorR = 0.000000
InteriorA = 108.184226
Seguro = 1
Renta = 0
RentaPrecio = 0
Precio = 205000
SafeMoney = 0
Pot = 0
Crack = 0
Materials = 0
Wep1 = 0
Wep2 = 0
Wep3 = 0
Wep4 = 0
Wep5 = 0
Direccion = Mulholland
SlotRopero1 = 217
SlotRopero2 = 171
SlotRopero3 = 101
SlotRopero4 = 0
SlotRopero5 = 0
SlotRopero6 = 0
SlotRopero7 = 0
SlotRopero8 = 0
SlotRopero9 = 0
SlotRopero10 = 0
Tamano = 2
GInterior = 0
GExteriorX = 1402.108398
GExteriorY = -922.798034
GExteriorZ = 36.065158
GExteriorR = 353.042358
Ammo1 = 0
Ammo2 = 0
Ammo3 = 0
Ammo4 = 0
Ammo5 = 0
