[HouseData]
Venta = 0
Nivel = 5
Interior = 0
CInterior = 0
CExterior = 0
Owner = Nobody
ExteriorX = 745.091918
ExteriorY = -556.784790
ExteriorZ = 18.012926
ExteriorR = 0.000000
ExteriorA = 183.534133
InteriorX = -407.766021
InteriorY = 2793.324707
InteriorZ = 69.849998
InteriorR = 0.000000
InteriorA = 77.332244
Seguro = 1
Renta = 0
RentaPrecio = 1
Precio = 100000
SafeMoney = 0
Pot = 0
Crack = 0
Materials = 0
Wep1 = 0
Wep2 = 0
Wep3 = 0
Wep4 = 0
Wep5 = 0
FCount = 17
FModel0 = 19388
FModel1 = 2255
FPosX0 = -414.157775
FPosY0 = 2793.123779
FPosZ0 = 70.129875
FRotX0 = 0.000000
FRotY0 = 0.000000
FRotZ0 = 0.000000
FPosX1 = -408.397918
FPosY1 = 2799.813232
FPosZ1 = 69.849998
FRotX1 = 0.000000
FRotY1 = 0.000000
FRotZ1 = 0.000000
Direccion = 
FModel2 = 2302
FModel3 = 2008
FModel4 = 1985
FModel5 = 18646
FModel6 = 19173
FModel7 = 2101
FModel8 = 1518
FModel9 = 1518
FModel10 = 1518
FModel11 = 2202
FModel12 = 2028
FModel13 = 2608
FModel14 = 2568
FModel15 = 2562
FPosX2 = -409.145751
FPosY2 = 2795.380371
FPosZ2 = 68.850021
FRotX2 = 0.000000
FRotY2 = 0.000000
FRotZ2 = 0.000000
FPosX3 = -411.837219
FPosY3 = 2799.366699
FPosZ3 = 68.819992
FRotX3 = 0.000000
FRotY3 = 0.000000
FRotZ3 = 0.000000
FPosX4 = -409.987243
FPosY4 = 2794.905273
FPosZ4 = 72.459976
FRotX4 = 0.000000
FRotY4 = 0.000000
FRotZ4 = 0.000000
FPosX5 = -407.580963
FPosY5 = 2793.339599
FPosZ5 = 71.463150
FRotX5 = -90.399955
FRotY5 = 5.799999
FRotZ5 = 96.399971
FPosX6 = -408.931182
FPosY6 = 2797.146484
FPosZ6 = 71.419967
FRotX6 = 0.000000
FRotY6 = 0.000000
FRotZ6 = 0.000000
FPosX7 = -411.470489
FPosY7 = 2797.208496
FPosZ7 = 69.139999
FRotX7 = 0.000000
FRotY7 = 0.000000
FRotZ7 = 0.000000
FPosX8 = -411.800506
FPosY8 = 2796.906738
FPosZ8 = 69.270011
FRotX8 = 0.000000
FRotY8 = 0.000000
FRotZ8 = 0.000000
FPosX9 = -412.612976
FPosY9 = 2797.569824
FPosZ9 = 69.169975
FRotX9 = 0.000000
FRotY9 = 0.000000
FRotZ9 = 0.000000
FPosX10 = -412.403076
FPosY10 = 2795.069824
FPosZ10 = 69.420013
FRotX10 = 0.000000
FRotY10 = 0.000000
FRotZ10 = 0.000000
FPosX11 = -409.066802
FPosY11 = 2794.886962
FPosZ11 = 68.829994
FRotX11 = 0.000000
FRotY11 = 0.000000
FRotZ11 = 0.000000
FPosX12 = -412.762390
FPosY12 = 2794.568603
FPosZ12 = 69.139999
FRotX12 = 0.000000
FRotY12 = 0.000000
FRotZ12 = 0.000000
FPosX13 = -417.282379
FPosY13 = 2790.520751
FPosZ13 = 71.049964
FRotX13 = 0.000000
FRotY13 = 0.000000
FRotZ13 = 179.699996
FPosX14 = -412.755462
FPosY14 = 2794.041015
FPosZ14 = 68.940002
FRotX14 = 0.000000
FRotY14 = 0.000000
FRotZ14 = 0.000000
FPosX15 = -415.848937
FPosY15 = 2790.848876
FPosZ15 = 68.832008
FRotX15 = -0.299999
FRotY15 = -0.099999
FRotZ15 = -179.999938
FModel16 = 1491
SlotRopero1 = 0
SlotRopero2 = 0
SlotRopero3 = 0
SlotRopero4 = 0
SlotRopero5 = 0
SlotRopero6 = 0
SlotRopero7 = 0
SlotRopero8 = 0
SlotRopero9 = 0
SlotRopero10 = 0
Tamano = 2
GInterior = 0
GExteriorX = 750.534973
GExteriorY = -553.880920
GExteriorZ = 17.343181
GExteriorR = 177.782546
Ammo1 = 0
Ammo2 = 0
Ammo3 = 0
Ammo4 = 0
Ammo5 = 0
