[HouseData]
Venta = 0
Nivel = 13
Interior = 9
CInterior = 0
CExterior = 0
Owner = Nobody
ExteriorX = 300.223785
ExteriorY = -1154.442871
ExteriorZ = 81.387245
ExteriorR = 0.000000
ExteriorA = 308.453704
InteriorX = 2319.227294
InteriorY = -1022.748779
InteriorZ = 1050.210937
InteriorR = 0.000000
InteriorA = 6.286249
Seguro = 1
Renta = 0
RentaPrecio = 0
Precio = 2000000
SafeMoney = 0
Pot = 0
Crack = 0
Materials = 0
Wep1 = 0
Wep2 = 0
Wep3 = 0
Wep4 = 0
Wep5 = 0
Direccion = Richman
FCount = 16
FModel0 = 2815
FModel1 = 2818
FModel2 = 2817
FModel3 = 2571
FModel4 = 2608
FModel5 = 2296
FModel6 = 19159
FModel7 = 638
FPosX0 = 2317.281005
FPosY0 = -1025.609863
FPosZ0 = 1049.220092
FRotX0 = 0.000000
FRotY0 = 0.000000
FRotZ0 = -90.400001
FPosX1 = 2329.224365
FPosY1 = -1022.525634
FPosZ1 = 1049.240356
FRotX1 = 0.000000
FRotY1 = 0.000000
FRotZ1 = -90.699981
FPosX2 = 2324.176025
FPosY2 = -1025.327270
FPosZ2 = 1049.270751
FRotX2 = 0.000000
FRotY2 = 0.000000
FRotZ2 = 0.000000
FPosX3 = 2321.514404
FPosY3 = -1015.495666
FPosZ3 = 1053.711303
FRotX3 = 0.000000
FRotY3 = 0.000000
FRotZ3 = 179.199981
FPosX4 = 2321.576660
FPosY4 = -1009.984436
FPosZ4 = 1055.958251
FRotX4 = 0.000000
FRotY4 = 0.000000
FRotZ4 = -90.800010
FPosX5 = 2329.135009
FPosY5 = -1016.731506
FPosZ5 = 1049.270263
FRotX5 = 0.000000
FRotY5 = 0.000000
FRotZ5 = 179.599990
FPosX6 = 2327.468994
FPosY6 = -1010.702331
FPosZ6 = 1052.018432
FRotX6 = 0.000000
FRotY6 = 0.000000
FRotZ6 = 0.000000
FPosX7 = 2320.554931
FPosY7 = -1026.851928
FPosZ7 = 1049.820922
FRotX7 = 0.000000
FRotY7 = 0.000000
FRotZ7 = 90.200004
FModel8 = 1208
FModel9 = 1985
FModel10 = 2028
FPosX8 = 2317.517822
FPosY8 = -1014.821594
FPosZ8 = 1049.191406
FRotX8 = 0.000000
FRotY8 = 0.000000
FRotZ8 = 0.000000
FPosX9 = 2316.272949
FPosY9 = -1010.874694
FPosZ9 = 1056.815551
FRotX9 = 0.000000
FRotY9 = 0.000000
FRotZ9 = 0.000000
FPosX10 = 2326.151611
FPosY10 = -1015.845275
FPosZ10 = 1050.331054
FRotX10 = 0.000000
FRotY10 = 0.000000
FRotZ10 = 0.000000
SlotRopero1 = 0
SlotRopero2 = 0
SlotRopero3 = 0
SlotRopero4 = 0
SlotRopero5 = 0
SlotRopero6 = 0
SlotRopero7 = 0
SlotRopero8 = 0
SlotRopero9 = 0
SlotRopero10 = 0
FModel11 = 19356
FModel12 = 1518
FModel13 = 1518
FModel14 = 1518
FModel15 = 2025
FPosX11 = 2321.939208
FPosY11 = -1022.940246
FPosZ11 = 1050.080810
FRotX11 = 0.000000
FRotY11 = 0.000000
FRotZ11 = 0.000000
FPosX12 = 2325.524658
FPosY12 = -1017.216186
FPosZ12 = 1051.331787
FRotX12 = 0.000000
FRotY12 = 0.000000
FRotZ12 = 0.000000
FPosX13 = 2326.145507
FPosY13 = -1017.213256
FPosZ13 = 1051.331542
FRotX13 = 0.000000
FRotY13 = 0.000000
FRotZ13 = 0.000000
FPosX14 = 2325.849609
FPosY14 = -1017.177368
FPosZ14 = 1051.860717
FRotX14 = 0.000000
FRotY14 = 0.000000
FRotZ14 = 0.000000
FPosX15 = 2322.575195
FPosY15 = -1021.228515
FPosZ15 = 1049.270141
FRotX15 = 0.000000
FRotY15 = 0.000000
FRotZ15 = 89.099945
Tamano = 3
GInterior = 0
GExteriorX = 284.914825
GExteriorY = -1158.375000
GExteriorZ = 80.914062
GExteriorR = 41.731285
Ammo1 = 0
Ammo2 = 0
Ammo3 = 0
Ammo4 = 0
Ammo5 = 0
