[HouseData]
Venta = 0
Nivel = 3
Interior = 0
CInterior = 0
CExterior = 0
Owner = Nobody
ExteriorX = 2152.208007
ExteriorY = -1446.287109
ExteriorZ = 26.105066
ExteriorR = 0.000000
ExteriorA = 277.778686
InteriorX = -586.143310
InteriorY = 2824.875000
InteriorZ = 52.607810
InteriorR = 0.000000
InteriorA = 163.644882
Seguro = 1
Renta = 0
RentaPrecio = 2500
Precio = 100000
SafeMoney = 0
Pot = 0
Crack = 0
Materials = 0
Wep1 = 0
Wep2 = 0
Wep3 = 0
Wep4 = 0
Wep5 = 0
Direccion = Jefferson
FCount = 14
FModel0 = 2290
FModel1 = 1703
FModel2 = 2274
FModel3 = 1707
FModel4 = 2025
FPosX0 = -585.607360
FPosY0 = 2830.977783
FPosZ0 = 51.607833
FRotX0 = 0.000000
FRotY0 = 0.000000
FRotZ0 = 0.000000
FPosX1 = -583.500671
FPosY1 = 2827.829345
FPosZ1 = 51.656360
FRotX1 = 0.000000
FRotY1 = 0.199999
FRotZ1 = 179.899810
FPosX2 = -582.053833
FPosY2 = 2829.822998
FPosZ2 = 53.099979
FRotX2 = 0.000000
FRotY2 = 0.000000
FRotZ2 = -91.299995
FPosX3 = -592.071655
FPosY3 = 2829.132568
FPosZ3 = 51.520008
FRotX3 = 0.000000
FRotY3 = 0.000000
FRotZ3 = 91.599983
FPosX4 = -575.272827
FPosY4 = 2828.329101
FPosZ4 = 51.597827
FRotX4 = 0.000000
FRotY4 = 0.000000
FRotZ4 = -89.499977
FModel5 = 1745
FModel6 = 2706
FPosX5 = -577.478332
FPosY5 = 2826.882324
FPosZ5 = 51.597862
FRotX5 = 0.000000
FRotY5 = 0.000000
FRotZ5 = -178.899978
FPosX6 = -578.032531
FPosY6 = 2823.405273
FPosZ6 = 53.627780
FRotX6 = 0.000000
FRotY6 = 0.000000
FRotZ6 = 0.000000
FModel7 = 1764
FModel8 = 2514
FModel9 = 2523
FModel10 = 1494
FModel11 = 0
FModel12 = 1494
FPosX9 = -590.536193
FPosY9 = 2827.116943
FPosZ9 = 51.637882
FRotX9 = 0.000000
FRotY9 = 0.000000
FRotZ9 = -87.399971
FPosX7 = -582.246093
FPosY7 = 2830.417968
FPosZ7 = 51.657848
FRotX7 = 0.000000
FRotY7 = 0.000000
FRotZ7 = -87.699981
FPosX8 = -591.095031
FPosY8 = 2827.475341
FPosZ8 = 51.637851
FRotX8 = 0.000000
FRotY8 = 0.000000
FRotZ8 = 0.000000
FPosX12 = -581.423828
FPosY12 = 2828.175781
FPosZ12 = 51.597831
FRotX12 = 0.000000
FRotY12 = 0.000000
FRotZ12 = -92.099990
FPosX10 = -587.925109
FPosY10 = 2830.012207
FPosZ10 = 51.597820
FRotX10 = 0.000000
FRotY10 = 0.000000
FRotZ10 = 86.900093
FPosX11 = 0.000000
FPosY11 = 0.000000
FPosZ11 = 0.000000
FRotX11 = 0.000000
FRotY11 = 0.000000
FRotZ11 = 0.000000
FModel13 = 1494
FModel14 = 1757
FPosX14 = -588.505249
FPosY14 = 2830.366943
FPosZ14 = 51.707813
FRotX14 = 0.000000
FRotY14 = 0.000000
FRotZ14 = -90.600021
FPosX13 = -589.875000
FPosY13 = 2826.028076
FPosZ13 = 51.610004
FRotX13 = 0.000000
FRotY13 = 0.000000
FRotZ13 = -88.999938
SlotRopero1 = 0
SlotRopero2 = 0
SlotRopero3 = 0
SlotRopero4 = 0
SlotRopero5 = 0
SlotRopero6 = 0
SlotRopero7 = 0
SlotRopero8 = 0
SlotRopero9 = 0
SlotRopero10 = 0
Tamano = 0
GInterior = 0
GExteriorX = 0.000000
GExteriorY = 0.000000
GExteriorZ = 0.000000
GExteriorR = 0.000000
Ammo1 = 0
Ammo2 = 0
Ammo3 = 0
Ammo4 = 0
Ammo5 = 0
