[HouseData]
Venta = 0
Nivel = 10
Interior = 227
CInterior = 0
CExterior = 0
Owner = Nobody
ExteriorX = 475.457672
ExteriorY = -1501.438720
ExteriorZ = 20.536617
ExteriorR = 0.000000
ExteriorA = 86.377227
InteriorX = 2453.407226
InteriorY = -1369.230224
InteriorZ = -15.983837
InteriorR = 0.000000
InteriorA = 6.682426
Seguro = 1
Renta = 0
RentaPrecio = 0
Precio = 900000
SafeMoney = 0
Pot = 0
Crack = 0
Materials = 0
Wep1 = 0
Wep2 = 0
Wep3 = 0
Wep4 = 0
Wep5 = 0
Direccion = Rodeo
SlotRopero1 = 171
SlotRopero2 = 295
SlotRopero3 = 187
SlotRopero4 = 122
SlotRopero5 = 185
SlotRopero6 = 0
SlotRopero7 = 0
SlotRopero8 = 0
SlotRopero9 = 0
SlotRopero10 = 0
FCount = 7
FModel0 = 2514
FModel1 = 1491
FModel2 = 1502
FModel3 = 2025
FModel4 = 2299
FModel5 = 2524
FModel6 = 2571
FPosX0 = 2481.877441
FPosY0 = -1354.166259
FPosZ0 = -16.283588
FRotX0 = 0.000000
FRotY0 = 0.000000
FRotZ0 = 0.000000
FPosX6 = 2454.152343
FPosY6 = -1361.405761
FPosZ6 = -16.974908
FRotX6 = 0.000000
FRotY6 = 0.000000
FRotZ6 = 88.899909
FPosX5 = 2482.415527
FPosY5 = -1355.161254
FPosZ5 = -16.229509
FRotX5 = 0.099999
FRotY5 = 1.400000
FRotZ5 = -87.099937
FPosX1 = 1239.934204
FPosY1 = -811.568481
FPosZ1 = 1082.536865
FRotX1 = 0.000000
FRotY1 = 0.000000
FRotZ1 = 90.000038
FPosX3 = 2463.336669
FPosY3 = -1354.259521
FPosZ3 = -12.689059
FRotX3 = 0.000000
FRotY3 = 0.000000
FRotZ3 = 0.000000
FPosX4 = 2466.297607
FPosY4 = -1355.861328
FPosZ4 = -12.702048
FRotX4 = -0.199999
FRotY4 = 0.399999
FRotZ4 = -88.899978
FPosX2 = 2463.613769
FPosY2 = -1367.085083
FPosZ2 = -17.993747
FRotX2 = 0.000000
FRotY2 = 0.000000
FRotZ2 = 0.000000
Tamano = 0
GInterior = 0
GExteriorX = 0.000000
GExteriorY = 0.000000
GExteriorZ = 0.000000
GExteriorR = 0.000000
Ammo1 = 0
Ammo2 = 0
Ammo3 = 0
Ammo4 = 0
Ammo5 = 0
