[HouseData]
Venta = 0
Nivel = 5
Interior = 22
CInterior = 0
CExterior = 0
Owner = 
ExteriorX = 2061.024414
ExteriorY = -1075.381958
ExteriorZ = 25.646190
ExteriorR = 0.000000
ExteriorA = 339.450164
InteriorX = -441.351196
InteriorY = 2772.250244
InteriorZ = 70.429687
InteriorR = 0.000000
InteriorA = 180.298706
Seguro = 0
Renta = 0
RentaPrecio = 0
Precio = 80000
SafeMoney = 0
Pot = 0
Crack = 0
Materials = 0
Wep1 = 0
Wep2 = 0
Wep3 = 0
Wep4 = 0
Wep5 = 0
Direccion = Las Colinas
SlotRopero1 = 0
SlotRopero2 = 0
SlotRopero3 = 0
SlotRopero4 = 0
SlotRopero5 = 0
SlotRopero6 = 0
SlotRopero7 = 0
SlotRopero8 = 0
SlotRopero9 = 0
SlotRopero10 = 0
Tamano = 0
GInterior = 0
GExteriorX = 0.000000
GExteriorY = 0.000000
GExteriorZ = 0.000000
GExteriorR = 0.000000
Ammo1 = 0
Ammo2 = 0
Ammo3 = 0
Ammo4 = 0
Ammo5 = 0
