[HouseData]
Venta = 0
Nivel = 3
Interior = 0
CInterior = 0
CExterior = 0
Owner = Jack_Rosent
ExteriorX = 2145.033203
ExteriorY = -1801.773559
ExteriorZ = 16.140625
ExteriorR = 0.000000
ExteriorA = 3.962198
InteriorX = -501.825164
InteriorY = 2811.056396
InteriorZ = 69.300003
InteriorR = 0.000000
InteriorA = 271.310852
Seguro = 1
Renta = 0
RentaPrecio = 0
Precio = 25000
SafeMoney = 0
Pot = 0
Crack = 0
Materials = 0
Wep1 = 0
Wep2 = 0
Wep3 = 25
Wep4 = 25
Wep5 = 25
Direccion = 
FCount = 0
FModel0 = 0
FPosX0 = 0.000000
FPosY0 = 0.000000
FPosZ0 = 0.000000
FRotX0 = 0.000000
FRotY0 = 0.000000
FRotZ0 = 0.000000
SlotRopero1 = 21
SlotRopero2 = 0
SlotRopero3 = 0
SlotRopero4 = 0
SlotRopero5 = 0
SlotRopero6 = 0
SlotRopero7 = 0
SlotRopero8 = 0
SlotRopero9 = 0
SlotRopero10 = 0
Tamano = 0
GInterior = 0
GExteriorX = 0.000000
GExteriorY = 0.000000
GExteriorZ = 0.000000
GExteriorR = 0.000000
Ammo1 = 0
Ammo2 = 0
Ammo3 = 0
Ammo4 = 0
Ammo5 = 0
