[HouseData]
Venta = 0
Nivel = 3
Interior = 0
CInterior = 0
CExterior = 0
Owner = Nobody
ExteriorX = 2146.477294
ExteriorY = -1815.037231
ExteriorZ = 16.140625
ExteriorR = 0.000000
ExteriorA = 94.203002
InteriorX = -501.825164
InteriorY = 2811.056396
InteriorZ = 69.300003
InteriorR = 0.000000
InteriorA = 271.310852
Seguro = 1
Renta = 0
RentaPrecio = 0
Precio = 25000
SafeMoney = 0
Pot = 0
Crack = 0
Materials = 0
Wep1 = 0
Wep2 = 0
Wep3 = 0
Wep4 = 0
Wep5 = 0
Direccion = 
FCount = 6
FModel0 = 2277
FPosX0 = -494.749969
FPosY0 = 2811.634277
FPosZ0 = 70.010047
FRotX0 = 0.000000
FRotY0 = 0.000000
FRotZ0 = -87.400032
FModel1 = 2571
FModel2 = 1518
FPosX1 = -495.719238
FPosY1 = 2813.102050
FPosZ1 = 68.320007
FRotX1 = 0.000000
FRotY1 = 0.000000
FRotZ1 = -86.899978
FPosX2 = -496.652374
FPosY2 = 2809.020019
FPosZ2 = 69.377342
FRotX2 = 0.000000
FRotY2 = 0.000000
FRotZ2 = -142.500000
FModel3 = 2118
FModel4 = 2844
FPosX3 = -497.370605
FPosY3 = 2809.020019
FPosZ3 = 68.269996
FRotX3 = 0.000000
FRotY3 = 0.000000
FRotZ3 = -0.899945
FPosX4 = -501.988800
FPosY4 = 2808.724121
FPosZ4 = 68.357292
FRotX4 = 0.000000
FRotY4 = 0.000000
FRotZ4 = 0.000000
FModel5 = 2299
FPosX5 = -498.559783
FPosY5 = 2811.343505
FPosZ5 = 68.467330
FRotX5 = 0.000000
FRotY5 = 0.000000
FRotZ5 = 34.400005
SlotRopero1 = 0
SlotRopero2 = 0
SlotRopero3 = 0
SlotRopero4 = 0
SlotRopero5 = 0
SlotRopero6 = 0
SlotRopero7 = 0
SlotRopero8 = 0
SlotRopero9 = 0
SlotRopero10 = 0
Tamano = 0
GInterior = 0
GExteriorX = 0.000000
GExteriorY = 0.000000
GExteriorZ = 0.000000
GExteriorR = 0.000000
Ammo1 = 0
Ammo2 = 0
Ammo3 = 0
Ammo4 = 0
Ammo5 = 0
