[HouseData]
Venta = 0
Nivel = 2
Interior = 1
CInterior = 0
CExterior = 0
Owner = Nobody
ExteriorX = 1891.773803
ExteriorY = -1070.176757
ExteriorZ = 23.937500
ExteriorR = 0.000000
ExteriorA = 280.588073
InteriorX = -585.860107
InteriorY = 2824.697021
InteriorZ = 52.607810
InteriorR = 0.000000
InteriorA = 328.049377
Seguro = 1
Renta = 0
RentaPrecio = 0
Precio = 45000
SafeMoney = 0
Pot = 0
Crack = 0
Materials = 0
Wep1 = 0
Wep2 = 0
Wep3 = 0
Wep4 = 0
Wep5 = 0
Direccion = 
SlotRopero1 = 127
SlotRopero2 = 0
SlotRopero3 = 0
SlotRopero4 = 0
SlotRopero5 = 0
SlotRopero6 = 0
SlotRopero7 = 0
SlotRopero8 = 0
SlotRopero9 = 0
SlotRopero10 = 0
FCount = 8
FModel0 = 2090
FModel1 = 2300
FModel2 = 2025
FModel3 = 1516
FModel4 = 2117
FModel5 = 2527
FModel6 = 2525
FModel7 = 2136
FPosX0 = -578.229492
FPosY0 = 2826.854736
FPosZ0 = 51.577800
FRotX0 = 0.000000
FRotY0 = 0.000000
FRotZ0 = -179.599975
FPosX1 = -578.354980
FPosY1 = 2825.088867
FPosZ1 = 51.607818
FRotX1 = 0.000000
FRotY1 = 0.000000
FRotZ1 = 0.000000
FPosX2 = -583.087463
FPosY2 = 2831.020019
FPosZ2 = 51.587806
FRotX2 = 0.000000
FRotY2 = 0.000000
FRotZ2 = 0.000000
FPosX3 = -585.199951
FPosY3 = 2829.832519
FPosZ3 = 51.767795
FRotX3 = 0.000000
FRotY3 = 0.000000
FRotZ3 = 0.000000
FPosX4 = -585.267456
FPosY4 = 2828.162353
FPosZ4 = 51.629981
FRotX4 = 0.000000
FRotY4 = 0.000000
FRotZ4 = 0.000000
FPosX5 = -591.462097
FPosY5 = 2825.924072
FPosZ5 = 51.610012
FRotX5 = 0.000000
FRotY5 = 0.000000
FRotZ5 = 0.000000
FPosX6 = -590.434570
FPosY6 = 2827.036376
FPosZ6 = 51.629989
FRotX6 = 0.000000
FRotY6 = 0.000000
FRotZ6 = 0.000000
FPosX7 = -590.852966
FPosY7 = 2830.967041
FPosZ7 = 51.697811
FRotX7 = 0.000000
FRotY7 = 0.000000
FRotZ7 = 0.000000
Tamano = 0
GInterior = 0
GExteriorX = 0.000000
GExteriorY = 0.000000
GExteriorZ = 0.000000
GExteriorR = 0.000000
Ammo1 = 0
Ammo2 = 0
Ammo3 = 0
Ammo4 = 0
Ammo5 = 0
