[HouseData]
Venta = 0
Nivel = 3
Interior = 0
CInterior = 0
CExterior = 0
Owner = Edward_Suarez
ExteriorX = 2176.376953
ExteriorY = -1815.216308
ExteriorZ = 13.546875
ExteriorR = 0.000000
ExteriorA = 179.944046
InteriorX = -501.825164
InteriorY = 2811.056396
InteriorZ = 69.300003
InteriorR = 0.000000
InteriorA = 271.310852
Seguro = 1
Renta = 1
RentaPrecio = 500
Precio = 25000
SafeMoney = 0
Pot = 0
Crack = 0
Materials = 0
Wep1 = 8
Wep2 = 0
Wep3 = 0
Wep4 = 0
Wep5 = 0
Direccion = 
FCount = 5
FModel0 = 0
FModel1 = 0
FPosX0 = 0.000000
FPosY0 = 0.000000
FPosZ0 = 0.000000
FRotX0 = 0.000000
FRotY0 = 0.000000
FRotZ0 = 0.000000
FPosX1 = 0.000000
FPosY1 = 0.000000
FPosZ1 = 0.000000
FRotX1 = 0.000000
FRotY1 = 0.000000
FRotZ1 = 0.000000
FModel2 = 19358
FModel3 = 2299
FPosX2 = -500.672882
FPosY2 = 2812.376464
FPosZ2 = 69.960098
FRotX2 = -0.100001
FRotY2 = 0.000000
FRotZ2 = -88.100013
FPosX3 = -498.098693
FPosY3 = 2812.933593
FPosZ3 = 68.237365
FRotX3 = 0.000000
FRotY3 = 0.000000
FRotZ3 = 90.799987
FModel4 = 0
FModel5 = 1492
FPosX4 = 0.000000
FPosY4 = 0.000000
FPosZ4 = 0.000000
FRotX4 = 0.000000
FRotY4 = 0.000000
FRotZ4 = 0.000000
FPosX5 = -497.570861
FPosY5 = 2812.446777
FPosZ5 = 68.277320
FRotX5 = 0.000000
FRotY5 = 0.000000
FRotZ5 = -178.899841
FModel6 = 19358
FPosX6 = -497.511566
FPosY6 = 2813.975341
FPosZ6 = 69.950004
FRotX6 = 0.000000
FRotY6 = 0.000000
FRotZ6 = 0.000000
SlotRopero1 = 177
SlotRopero2 = 240
SlotRopero3 = 295
SlotRopero4 = 177
SlotRopero5 = 109
SlotRopero6 = 240
SlotRopero7 = 114
SlotRopero8 = 110
SlotRopero9 = 116
SlotRopero10 = 115
FModel7 = 2296
FPosX7 = -494.704345
FPosY7 = 2808.727294
FPosZ7 = 68.397872
FRotX7 = -1.100000
FRotY7 = -0.600000
FRotZ7 = 179.900009
Tamano = 0
GInterior = 0
GExteriorX = 0.000000
GExteriorY = 0.000000
GExteriorZ = 0.000000
GExteriorR = 0.000000
Ammo1 = 0
Ammo2 = 0
Ammo3 = 0
Ammo4 = 0
Ammo5 = 0
