[HouseData]
Venta = 0
Nivel = 3
Interior = 0
CInterior = 0
CExterior = 0
Owner = Nobody
ExteriorX = 1970.034057
ExteriorY = -1671.192749
ExteriorZ = 15.968750
ExteriorR = 0.000000
ExteriorA = 8.669589
InteriorX = -590.792175
InteriorY = 2826.416503
InteriorZ = 58.506004
InteriorR = 0.000000
InteriorA = 263.744171
Seguro = 1
Renta = 0
RentaPrecio = 0
Precio = 25000
SafeMoney = 0
Pot = 0
Crack = 0
Materials = 0
Wep1 = 0
Wep2 = 0
Wep3 = 0
Wep4 = 0
Wep5 = 0
FCount = 7
FModel0 = 2233
FModel1 = 2316
FModel2 = 2233
FPosX0 = -588.782104
FPosY0 = 2833.397705
FPosZ0 = 59.416015
FRotX0 = 0.000000
FRotY0 = 0.000000
FRotZ0 = 0.000000
FPosX1 = -589.742004
FPosY1 = 2833.162597
FPosZ1 = 59.995231
FRotX1 = 1.200000
FRotY1 = 0.600000
FRotZ1 = -1.499998
Direccion = Idlewood
FModel3 = 2568
FModel4 = 0
FModel5 = 0
FModel6 = 2290
FModel7 = 2357
FModel8 = 2290
FPosX2 = -589.979309
FPosY2 = 2833.367187
FPosZ2 = 59.426006
FRotX2 = 0.000000
FRotY2 = 0.000000
FRotZ2 = 0.000000
FPosX3 = -586.934997
FPosY3 = 2832.486328
FPosZ3 = 57.456062
FRotX3 = 0.000000
FRotY3 = 0.000000
FRotZ3 = 0.599975
FPosX4 = 0.000000
FPosY4 = 0.000000
FPosZ4 = 0.000000
FRotX4 = 0.000000
FRotY4 = 0.000000
FRotZ4 = 0.000000
FPosX5 = 0.000000
FPosY5 = 0.000000
FPosZ5 = 0.000000
FRotX5 = 0.000000
FRotY5 = 0.000000
FRotZ5 = 0.000000
FPosX6 = -584.565185
FPosY6 = 2823.721679
FPosZ6 = 57.396064
FRotX6 = 0.000000
FRotY6 = 0.000000
FRotZ6 = 179.200088
FPosX7 = -587.062500
FPosY7 = 2825.530761
FPosZ7 = 57.832344
FRotX7 = -0.599999
FRotY7 = 0.500000
FRotZ7 = 0.799998
FPosX8 = -587.520019
FPosY8 = 2823.720458
FPosZ8 = 57.366317
FRotX8 = -0.899999
FRotY8 = -0.300001
FRotZ8 = -179.399993
SlotRopero1 = 0
SlotRopero2 = 0
SlotRopero3 = 0
SlotRopero4 = 0
SlotRopero5 = 0
SlotRopero6 = 0
SlotRopero7 = 0
SlotRopero8 = 0
SlotRopero9 = 0
SlotRopero10 = 0
Tamano = 0
GInterior = 0
GExteriorX = 0.000000
GExteriorY = 0.000000
GExteriorZ = 0.000000
GExteriorR = 0.000000
Ammo1 = 0
Ammo2 = 0
Ammo3 = 0
Ammo4 = 0
Ammo5 = 0
