[HouseData]
Venta = 0
Nivel = 2
Interior = 1
CInterior = 0
CExterior = 0
Owner = Nobody
ExteriorX = 1954.393432
ExteriorY = -1074.912597
ExteriorZ = 24.796701
ExteriorR = 0.000000
ExteriorA = 261.451171
InteriorX = -585.860107
InteriorY = 2824.697021
InteriorZ = 52.607810
InteriorR = 0.000000
InteriorA = 328.049377
Seguro = 1
Renta = 0
RentaPrecio = 0
Precio = 45000
SafeMoney = 0
Pot = 0
Crack = 0
Materials = 0
Wep1 = 0
Wep2 = 0
Wep3 = 0
Wep4 = 0
Wep5 = 0
Direccion = 
FCount = 6
FModel0 = 2085
FModel1 = 2090
FModel2 = 1713
FModel3 = 2514
FModel4 = 628
FModel5 = 1985
FModel6 = 0
FModel7 = 0
FModel8 = 0
FModel9 = 0
FModel10 = 0
FModel11 = 0
FPosX0 = -592.263854
FPosY0 = 2829.563476
FPosZ0 = 51.599987
FRotX0 = 0.000000
FRotY0 = 0.000000
FRotZ0 = 0.000000
FPosX1 = -577.084594
FPosY1 = 2825.799804
FPosZ1 = 51.810043
FRotX1 = 0.000000
FRotY1 = 0.000000
FRotZ1 = 0.000000
FPosX2 = -592.664062
FPosY2 = 2830.955078
FPosZ2 = 51.507862
FRotX2 = 0.000000
FRotY2 = 0.000000
FRotZ2 = 0.000000
FPosX3 = -591.860839
FPosY3 = 2827.414306
FPosZ3 = 51.639987
FRotX3 = 0.000000
FRotY3 = 0.000000
FRotZ3 = 0.000000
FPosX4 = -587.440063
FPosY4 = 2828.760498
FPosZ4 = 52.517818
FRotX4 = 0.000000
FRotY4 = 0.000000
FRotZ4 = 0.000000
FPosX5 = -584.628295
FPosY5 = 2828.677978
FPosZ5 = 54.607246
FRotX5 = 0.000000
FRotY5 = 0.000000
FRotZ5 = 0.000000
FPosX6 = 0.000000
FPosY6 = 0.000000
FPosZ6 = 0.000000
FRotX6 = 0.000000
FRotY6 = 0.000000
FRotZ6 = 0.000000
FPosX7 = 0.000000
FPosY7 = 0.000000
FPosZ7 = 0.000000
FRotX7 = 0.000000
FRotY7 = 0.000000
FRotZ7 = 0.000000
FPosX8 = 0.000000
FPosY8 = 0.000000
FPosZ8 = 0.000000
FRotX8 = 0.000000
FRotY8 = 0.000000
FRotZ8 = 0.000000
FPosX9 = 0.000000
FPosY9 = 0.000000
FPosZ9 = 0.000000
FRotX9 = 0.000000
FRotY9 = 0.000000
FRotZ9 = 0.000000
FPosX10 = 0.000000
FPosY10 = 0.000000
FPosZ10 = 0.000000
FRotX10 = 0.000000
FRotY10 = 0.000000
FRotZ10 = 0.000000
FPosX11 = 0.000000
FPosY11 = 0.000000
FPosZ11 = 0.000000
FRotX11 = 0.000000
FRotY11 = 0.000000
FRotZ11 = 0.000000
SlotRopero1 = 107
SlotRopero2 = 0
SlotRopero3 = 0
SlotRopero4 = 0
SlotRopero5 = 0
SlotRopero6 = 0
SlotRopero7 = 0
SlotRopero8 = 0
SlotRopero9 = 0
SlotRopero10 = 113
Tamano = 0
GInterior = 0
GExteriorX = 0.000000
GExteriorY = 0.000000
GExteriorZ = 0.000000
GExteriorR = 0.000000
Ammo1 = 0
Ammo2 = 0
Ammo3 = 0
Ammo4 = 0
Ammo5 = 0
