[HouseData]
Venta = 0
Nivel = 2
Interior = 1
CInterior = 0
CExterior = 0
Owner = Nobody
ExteriorX = 1959.544799
ExteriorY = -1070.097167
ExteriorZ = 24.796701
ExteriorR = 0.000000
ExteriorA = 66.869323
InteriorX = -585.860107
InteriorY = 2824.697021
InteriorZ = 52.607810
InteriorR = 0.000000
InteriorA = 328.049377
Seguro = 1
Renta = 0
RentaPrecio = 0
Precio = 45000
SafeMoney = 0
Pot = 0
Crack = 0
Materials = 0
Wep1 = 0
Wep2 = 0
Wep3 = 0
Wep4 = 0
Wep5 = 0
Direccion = 
FCount = 11
FModel0 = 2298
FModel1 = 2608
FModel2 = 2562
FModel3 = 2279
FModel4 = 2571
FPosX0 = -579.393371
FPosY0 = 2825.521240
FPosZ0 = 51.567821
FRotX0 = 0.000000
FRotY0 = 0.000000
FRotZ0 = 0.000000
FPosX1 = -574.986816
FPosY1 = 2825.614013
FPosZ1 = 53.807762
FRotX1 = 0.000000
FRotY1 = 0.000000
FRotZ1 = -90.099975
FPosX2 = -574.867187
FPosY2 = 2823.882568
FPosZ2 = 51.557849
FRotX2 = 0.000000
FRotY2 = 0.000000
FRotZ2 = -179.599960
FPosX3 = -580.402160
FPosY3 = 2825.147705
FPosZ3 = 53.717803
FRotX3 = 0.000000
FRotY3 = 0.000000
FRotZ3 = 90.800056
FPosX4 = -585.006835
FPosY4 = 2830.153564
FPosZ4 = 51.611488
FRotX4 = 0.000000
FRotY4 = 0.600001
FRotZ4 = -4.599968
FModel5 = 2008
FModel6 = 1491
FModel7 = 1491
FModel8 = 638
FModel9 = 1703
FModel10 = 2164
FPosX5 = -580.303710
FPosY5 = 2824.081054
FPosZ5 = 51.687911
FRotX5 = 0.000000
FRotY5 = 0.000000
FRotZ5 = 90.199996
FPosX6 = -581.282470
FPosY6 = 2828.177490
FPosZ6 = 51.587818
FRotX6 = 0.000000
FRotY6 = 0.000000
FRotZ6 = -89.600006
FPosX7 = -589.946533
FPosY7 = 2826.035888
FPosZ7 = 51.567821
FRotX7 = 0.000000
FRotY7 = 0.000000
FRotZ7 = -90.199981
FPosX8 = -583.593322
FPosY8 = 2824.628173
FPosZ8 = 52.287799
FRotX8 = 0.000000
FRotY8 = 0.000000
FRotZ8 = 89.900001
FPosX9 = -587.190307
FPosY9 = 2827.702392
FPosZ9 = 51.497867
FRotX9 = 0.000000
FRotY9 = 0.000000
FRotZ9 = 89.799934
FPosX10 = -589.279541
FPosY10 = 2827.979248
FPosZ10 = 51.587852
FRotX10 = 0.000000
FRotY10 = 0.000000
FRotZ10 = 0.000000
SlotRopero1 = 0
SlotRopero2 = 0
SlotRopero3 = 0
SlotRopero4 = 0
SlotRopero5 = 0
SlotRopero6 = 0
SlotRopero7 = 0
SlotRopero8 = 0
SlotRopero9 = 0
SlotRopero10 = 0
Tamano = 0
GInterior = 0
GExteriorX = 0.000000
GExteriorY = 0.000000
GExteriorZ = 0.000000
GExteriorR = 0.000000
Ammo1 = 0
Ammo2 = 0
Ammo3 = 0
Ammo4 = 0
Ammo5 = 0
