[HouseData]
Venta = 0
Nivel = 0
Interior = 0
CInterior = 0
CExterior = 0
Owner = Sophia_Javs
ExteriorX = 2213.519775
ExteriorY = 1125.038330
ExteriorZ = 36.843750
ExteriorR = 0.000000
ExteriorA = 115.794143
InteriorX = 0.000000
InteriorY = 0.000000
InteriorZ = 0.000000
InteriorR = 0.000000
InteriorA = 0.000000
Seguro = 1
Renta = 0
RentaPrecio = 0
Precio = 0
SafeMoney = 0
Pot = 0
Crack = 0
Materials = 0
Wep1 = 0
Wep2 = 0
Wep3 = 0
Wep4 = 0
Wep5 = 0
Direccion = Come-A-Lot
SlotRopero1 = 0
SlotRopero2 = 0
SlotRopero3 = 0
SlotRopero4 = 0
SlotRopero5 = 0
SlotRopero6 = 0
SlotRopero7 = 0
SlotRopero8 = 0
SlotRopero9 = 0
SlotRopero10 = 0
Tamano = 0
GInterior = 0
GExteriorX = 0.000000
GExteriorY = 0.000000
GExteriorZ = 0.000000
GExteriorR = 0.000000
Ammo1 = 0
Ammo2 = 0
Ammo3 = 0
Ammo4 = 0
Ammo5 = 0
