[HouseData]
Venta = 0
Nivel = 2
Interior = 200
CInterior = 0
CExterior = 0
Owner = Alexander_Martinez
ExteriorX = 1186.798828
ExteriorY = -1260.642333
ExteriorZ = 18.898437
ExteriorR = 0.000000
ExteriorA = 253.944610
InteriorX = -501.995178
InteriorY = 2811.355712
InteriorZ = 69.300003
InteriorR = 0.000000
InteriorA = 98.760887
Seguro = 1
Renta = 0
RentaPrecio = 0
Precio = 50000
SafeMoney = 0
Pot = 0
Crack = 0
Materials = 0
Wep1 = 0
Wep2 = 0
Wep3 = 0
Wep4 = 0
Wep5 = 0
Direccion = Market
SlotRopero1 = 170
SlotRopero2 = 217
SlotRopero3 = 250
SlotRopero4 = 289
SlotRopero5 = 0
SlotRopero6 = 0
SlotRopero7 = 0
SlotRopero8 = 0
SlotRopero9 = 0
SlotRopero10 = 0
FCount = 5
FModel0 = 2025
FModel1 = 2297
FModel2 = 1793
FModel3 = 1985
FPosX0 = -494.768768
FPosY0 = 2809.915283
FPosZ0 = 68.297325
FRotX0 = 0.000000
FRotY0 = 0.000000
FRotZ0 = -90.900024
FPosX1 = -499.091461
FPosY1 = 2815.107910
FPosZ1 = 68.312072
FRotX1 = 1.399999
FRotY1 = -1.500000
FRotZ1 = -42.500007
FPosX2 = -497.818908
FPosY2 = 2811.627929
FPosZ2 = 68.269996
FRotX2 = 0.000000
FRotY2 = 0.000000
FRotZ2 = -84.699996
FPosX3 = -498.011749
FPosY3 = 2809.059082
FPosZ3 = 71.377296
FRotX3 = 0.000000
FRotY3 = 0.000000
FRotZ3 = 0.000000
FModel4 = 19173
FPosX4 = -494.266021
FPosY4 = 2811.694335
FPosZ4 = 71.559379
FRotX4 = -0.699999
FRotY4 = 0.399999
FRotZ4 = -90.699966
Tamano = 0
GInterior = 0
GExteriorX = 0.000000
GExteriorY = 0.000000
GExteriorZ = 0.000000
GExteriorR = 0.000000
Ammo1 = 0
Ammo2 = 0
Ammo3 = 0
Ammo4 = 0
Ammo5 = 0
