[HouseData]
Venta = 0
Nivel = 3
Interior = 0
CInterior = 0
CExterior = 0
Owner = Nobody
ExteriorX = 2152.025146
ExteriorY = -1819.695922
ExteriorZ = 16.140625
ExteriorR = 0.000000
ExteriorA = 181.647232
InteriorX = -501.825164
InteriorY = 2811.056396
InteriorZ = 69.300003
InteriorR = 0.000000
InteriorA = 271.310852
Seguro = 1
Renta = 0
RentaPrecio = 5000
Precio = 25000
SafeMoney = 0
Pot = 0
Crack = 0
Materials = 0
Wep1 = 0
Wep2 = 0
Wep3 = 0
Wep4 = 0
Wep5 = 0
Direccion = 
FCount = 12
FModel0 = 2299
FModel1 = 2514
FModel2 = 2523
FModel3 = 2527
FModel4 = 1518
FModel5 = 2025
FModel6 = 1985
FPosX0 = -498.312133
FPosY0 = 2812.026611
FPosZ0 = 68.292938
FRotX0 = 0.300001
FRotY0 = -1.400001
FRotZ0 = -43.199981
FPosX6 = -496.729705
FPosY6 = 2809.128417
FPosZ6 = 71.608078
FRotX6 = 0.000000
FRotY6 = 0.000000
FRotZ6 = 0.000000
FPosX3 = -495.782989
FPosY3 = 2808.999267
FPosZ3 = 68.243270
FRotX3 = 1.200000
FRotY3 = -0.300000
FRotZ3 = -89.599960
FPosX4 = -501.882171
FPosY4 = 2808.773437
FPosZ4 = 68.688369
FRotX4 = 0.799999
FRotY4 = -1.199999
FRotZ4 = 132.299728
FPosX1 = -494.777465
FPosY1 = 2810.394531
FPosZ1 = 68.271781
FRotX1 = 0.799999
FRotY1 = -0.499998
FRotZ1 = -90.600028
FPosX5 = -494.866638
FPosY5 = 2812.313964
FPosZ5 = 68.302223
FRotX5 = -0.899999
FRotY5 = -0.399996
FRotZ5 = -85.400062
FPosX2 = -494.718170
FPosY2 = 2810.301513
FPosZ2 = 68.315025
FRotX2 = 3.599997
FRotY2 = 0.300000
FRotZ2 = -89.600044
FModel7 = 2617
FModel8 = 2028
FPosX7 = -499.963348
FPosY7 = 2813.223632
FPosZ7 = 68.909980
FRotX7 = 0.000000
FRotY7 = 0.000000
FRotZ7 = 17.499996
FPosX8 = -501.491943
FPosY8 = 2809.137207
FPosZ8 = 68.380012
FRotX8 = 0.000000
FRotY8 = 0.000000
FRotZ8 = 134.000015
FModel9 = 2101
FModel10 = 1703
FModel11 = 2008
FPosX9 = -501.966857
FPosY9 = 2809.994628
FPosZ9 = 68.336853
FRotX9 = 2.200001
FRotY9 = -0.100001
FRotZ9 = 91.899993
FPosX10 = -497.371398
FPosY10 = 2809.021972
FPosZ10 = 68.280014
FRotX10 = 0.000000
FRotY10 = 0.000000
FRotZ10 = -179.099990
FPosX11 = -501.425842
FPosY11 = 2812.594238
FPosZ11 = 68.294708
FRotX11 = -0.099998
FRotY11 = 0.000000
FRotZ11 = 74.200012
SlotRopero1 = 0
SlotRopero2 = 0
SlotRopero3 = 0
SlotRopero4 = 0
SlotRopero5 = 0
SlotRopero6 = 0
SlotRopero7 = 0
SlotRopero8 = 0
SlotRopero9 = 0
SlotRopero10 = 0
Tamano = 0
GInterior = 0
GExteriorX = 0.000000
GExteriorY = 0.000000
GExteriorZ = 0.000000
GExteriorR = 0.000000
Ammo1 = 0
Ammo2 = 0
Ammo3 = 0
Ammo4 = 0
Ammo5 = 0
