[HouseData]
Venta = 0
Nivel = 3
Interior = 0
CInterior = 0
CExterior = 0
Owner = Nobody
ExteriorX = 2146.790771
ExteriorY = -1470.363891
ExteriorZ = 26.042566
ExteriorR = 0.000000
ExteriorA = 280.285339
InteriorX = -585.958068
InteriorY = 2824.894042
InteriorZ = 52.607810
InteriorR = 0.000000
InteriorA = 285.291931
Seguro = 1
Renta = 0
RentaPrecio = 10000
Precio = 100000
SafeMoney = 0
Pot = 0
Crack = 0
Materials = 0
Wep1 = 0
Wep2 = 0
Wep3 = 0
Wep4 = 0
Wep5 = 0
Direccion = Jefferson
FCount = 5
FModel0 = 2299
FModel1 = 2025
FModel2 = 2527
FModel3 = 2514
FModel4 = 2523
FModel5 = 0
FModel6 = 0
FModel7 = 0
FModel8 = 0
FPosX0 = -582.997497
FPosY0 = 2827.915527
FPosZ0 = 51.597862
FRotX0 = 0.000000
FRotY0 = 0.000000
FRotZ0 = 0.000000
FPosX1 = -584.986938
FPosY1 = 2830.864746
FPosZ1 = 51.677845
FRotX1 = 0.000000
FRotY1 = 0.000000
FRotZ1 = 0.000000
FPosX2 = -575.481201
FPosY2 = 2827.949951
FPosZ2 = 51.627864
FRotX2 = 0.000000
FRotY2 = 0.000000
FRotZ2 = 0.000000
FPosX3 = -575.228576
FPosY3 = 2824.104980
FPosZ3 = 51.649833
FRotX3 = -3.999999
FRotY3 = 0.000000
FRotZ3 = -170.800003
FPosX4 = -580.041442
FPosY4 = 2823.935546
FPosZ4 = 51.705821
FRotX4 = 1.800000
FRotY4 = 0.000000
FRotZ4 = -179.999984
FPosX5 = 0.000000
FPosY5 = 0.000000
FPosZ5 = 0.000000
FRotX5 = 0.000000
FRotY5 = 0.000000
FRotZ5 = 0.000000
FPosX6 = 0.000000
FPosY6 = 0.000000
FPosZ6 = 0.000000
FRotX6 = 0.000000
FRotY6 = 0.000000
FRotZ6 = 0.000000
FPosX7 = 0.000000
FPosY7 = 0.000000
FPosZ7 = 0.000000
FRotX7 = 0.000000
FRotY7 = 0.000000
FRotZ7 = 0.000000
FPosX8 = 0.000000
FPosY8 = 0.000000
FPosZ8 = 0.000000
FRotX8 = 0.000000
FRotY8 = 0.000000
FRotZ8 = 0.000000
FModel9 = 0
FModel10 = 0
FModel11 = 0
FModel12 = 0
FModel13 = 0
FModel14 = 0
FModel15 = 0
FModel16 = 0
FModel17 = 0
FPosX9 = 0.000000
FPosY9 = 0.000000
FPosZ9 = 0.000000
FRotX9 = 0.000000
FRotY9 = 0.000000
FRotZ9 = 0.000000
FPosX10 = 0.000000
FPosY10 = 0.000000
FPosZ10 = 0.000000
FRotX10 = 0.000000
FRotY10 = 0.000000
FRotZ10 = 0.000000
FPosX11 = 0.000000
FPosY11 = 0.000000
FPosZ11 = 0.000000
FRotX11 = 0.000000
FRotY11 = 0.000000
FRotZ11 = 0.000000
FPosX12 = 0.000000
FPosY12 = 0.000000
FPosZ12 = 0.000000
FRotX12 = 0.000000
FRotY12 = 0.000000
FRotZ12 = 0.000000
FPosX14 = 0.000000
FPosY14 = 0.000000
FPosZ14 = 0.000000
FRotX14 = 0.000000
FRotY14 = 0.000000
FRotZ14 = 0.000000
FPosX13 = 0.000000
FPosY13 = 0.000000
FPosZ13 = 0.000000
FRotX13 = 0.000000
FRotY13 = 0.000000
FRotZ13 = 0.000000
FPosX15 = 0.000000
FPosY15 = 0.000000
FPosZ15 = 0.000000
FRotX15 = 0.000000
FRotY15 = 0.000000
FRotZ15 = 0.000000
FPosX16 = 0.000000
FPosY16 = 0.000000
FPosZ16 = 0.000000
FRotX16 = 0.000000
FRotY16 = 0.000000
FRotZ16 = 0.000000
FPosX17 = 0.000000
FPosY17 = 0.000000
FPosZ17 = 0.000000
FRotX17 = 0.000000
FRotY17 = 0.000000
FRotZ17 = 0.000000
FModel18 = 0
FPosX18 = 0.000000
FPosY18 = 0.000000
FPosZ18 = 0.000000
FRotX18 = 0.000000
FRotY18 = 0.000000
FRotZ18 = 0.000000
SlotRopero1 = 120
SlotRopero2 = 294
SlotRopero3 = 0
SlotRopero4 = 0
SlotRopero5 = 0
SlotRopero6 = 0
SlotRopero7 = 0
SlotRopero8 = 0
SlotRopero9 = 0
SlotRopero10 = 0
Tamano = 0
GInterior = 0
GExteriorX = 0.000000
GExteriorY = 0.000000
GExteriorZ = 0.000000
GExteriorR = 0.000000
Ammo1 = 0
Ammo2 = 0
Ammo3 = 0
Ammo4 = 0
Ammo5 = 0
