[HouseData]
Venta = 0
Nivel = 3
Interior = 0
CInterior = 0
CExterior = 0
Owner = Nobody
ExteriorX = 2162.667968
ExteriorY = -1815.226318
ExteriorZ = 13.546875
ExteriorR = 0.000000
ExteriorA = 179.944046
InteriorX = -501.825164
InteriorY = 2811.056396
InteriorZ = 69.300003
InteriorR = 0.000000
InteriorA = 271.310852
Seguro = 1
Renta = 0
RentaPrecio = 0
Precio = 25000
SafeMoney = 0
Pot = 0
Crack = 0
Materials = 0
Wep1 = 0
Wep2 = 0
Wep3 = 0
Wep4 = 0
Wep5 = 0
FCount = 4
FModel0 = 2025
FModel1 = 1745
FModel2 = 2281
FModel3 = 2571
FModel4 = 0
FPosX0 = -501.930694
FPosY0 = 2808.983886
FPosZ0 = 68.244155
FRotX0 = -2.699996
FRotY0 = -0.199999
FRotZ0 = 94.699768
FPosX1 = -498.866546
FPosY1 = 2811.550048
FPosZ1 = 68.179992
FRotX1 = 0.000000
FRotY1 = 0.000000
FRotZ1 = 0.000000
FPosX2 = -494.794952
FPosY2 = 2810.877685
FPosZ2 = 69.800697
FRotX2 = -0.699999
FRotY2 = 1.099999
FRotZ2 = -83.699996
FPosX3 = -495.614318
FPosY3 = 2812.111816
FPosZ3 = 68.383407
FRotX3 = -0.699999
FRotY3 = 1.099999
FRotZ3 = -83.699996
FPosX4 = 0.000000
FPosY4 = 0.000000
FPosZ4 = 0.000000
FRotX4 = 0.000000
FRotY4 = 0.000000
FRotZ4 = 0.000000
FModel5 = 0
FModel6 = 0
FModel7 = 0
FModel8 = 0
FPosX5 = 0.000000
FPosY5 = 0.000000
FPosZ5 = 0.000000
FRotX5 = 0.000000
FRotY5 = 0.000000
FRotZ5 = 0.000000
FPosX6 = 0.000000
FPosY6 = 0.000000
FPosZ6 = 0.000000
FRotX6 = 0.000000
FRotY6 = 0.000000
FRotZ6 = 0.000000
FPosX7 = 0.000000
FPosY7 = 0.000000
FPosZ7 = 0.000000
FRotX7 = 0.000000
FRotY7 = 0.000000
FRotZ7 = 0.000000
FPosX8 = 0.000000
FPosY8 = 0.000000
FPosZ8 = 0.000000
FRotX8 = 0.000000
FRotY8 = 0.000000
FRotZ8 = 0.000000
FModel9 = 0
FModel10 = 0
FModel11 = 0
FPosX9 = 0.000000
FPosY9 = 0.000000
FPosZ9 = 0.000000
FRotX9 = 0.000000
FRotY9 = 0.000000
FRotZ9 = 0.000000
FPosX10 = 0.000000
FPosY10 = 0.000000
FPosZ10 = 0.000000
FRotX10 = 0.000000
FRotY10 = 0.000000
FRotZ10 = 0.000000
FPosX11 = 0.000000
FPosY11 = 0.000000
FPosZ11 = 0.000000
FRotX11 = 0.000000
FRotY11 = 0.000000
FRotZ11 = 0.000000
FModel12 = 0
FModel13 = 0
FPosX12 = 0.000000
FPosY12 = 0.000000
FPosZ12 = 0.000000
FRotX12 = 0.000000
FRotY12 = 0.000000
FRotZ12 = 0.000000
FPosX13 = 0.000000
FPosY13 = 0.000000
FPosZ13 = 0.000000
FRotX13 = 0.000000
FRotY13 = 0.000000
FRotZ13 = 0.000000
Direccion = 
SlotRopero1 = 143
SlotRopero2 = 0
SlotRopero3 = 0
SlotRopero4 = 0
SlotRopero5 = 0
SlotRopero6 = 0
SlotRopero7 = 0
SlotRopero8 = 0
SlotRopero9 = 0
SlotRopero10 = 0
Tamano = 0
GInterior = 0
GExteriorX = 0.000000
GExteriorY = 0.000000
GExteriorZ = 0.000000
GExteriorR = 0.000000
Ammo1 = 0
Ammo2 = 0
Ammo3 = 0
Ammo4 = 0
Ammo5 = 0
