[HouseData]
Venta = 0
Nivel = 3
Interior = 21
CInterior = 0
CExterior = 0
Owner = Nobody
ExteriorX = 1958.800903
ExteriorY = -1560.647338
ExteriorZ = 13.595062
ExteriorR = 0.000000
ExteriorA = 36.243106
InteriorX = -561.414855
InteriorY = 2822.837646
InteriorZ = 56.729686
InteriorR = 0.000000
InteriorA = 169.463989
Seguro = 1
Renta = 0
RentaPrecio = 0
Precio = 74000
SafeMoney = 0
Pot = 0
Crack = 0
Materials = 0
Wep1 = 0
Wep2 = 0
Wep3 = 0
Wep4 = 0
Wep5 = 0
Direccion = Idlewood
FCount = 7
FModel0 = 2156
FPosX0 = -567.083862
FPosY0 = 2838.021728
FPosZ0 = 55.729759
FRotX0 = 0.000000
FRotY0 = 0.000000
FRotZ0 = 0.000000
FModel1 = 2025
FPosX1 = -558.169433
FPosY1 = 2828.686279
FPosZ1 = 55.789695
FRotX1 = 0.000000
FRotY1 = 0.000000
FRotZ1 = 90.599975
FModel2 = 2337
FPosX2 = -572.816162
FPosY2 = 2837.725830
FPosZ2 = 55.719734
FRotX2 = 0.000000
FRotY2 = 0.000000
FRotZ2 = 0.000000
FModel3 = 2297
FModel4 = 2290
FModel5 = 2008
FPosX3 = -558.863586
FPosY3 = 2839.822021
FPosZ3 = 55.742969
FRotX3 = 0.000000
FRotY3 = 0.000000
FRotZ3 = 44.799953
FPosX4 = -554.714599
FPosY4 = 2841.559326
FPosZ4 = 55.742980
FRotX4 = 0.000000
FRotY4 = 0.000000
FRotZ4 = -92.700019
FPosX5 = -555.839355
FPosY5 = 2823.312988
FPosZ5 = 55.739784
FRotX5 = 0.000000
FRotY5 = 0.000000
FRotZ5 = -179.799942
FModel6 = 1798
FPosX6 = -555.132629
FPosY6 = 2827.554687
FPosZ6 = 55.719718
FRotX6 = 0.000000
FRotY6 = 0.000000
FRotZ6 = 0.000000
FModel7 = 0
FPosX7 = 0.000000
FPosY7 = 0.000000
FPosZ7 = 0.000000
FRotX7 = 0.000000
FRotY7 = 0.000000
FRotZ7 = 0.000000
FModel8 = 0
FModel9 = 0
FPosX8 = 0.000000
FPosY8 = 0.000000
FPosZ8 = 0.000000
FRotX8 = 0.000000
FRotY8 = 0.000000
FRotZ8 = 0.000000
FPosX9 = 0.000000
FPosY9 = 0.000000
FPosZ9 = 0.000000
FRotX9 = 0.000000
FRotY9 = 0.000000
FRotZ9 = 0.000000
FModel10 = 0
FPosX10 = 0.000000
FPosY10 = 0.000000
FPosZ10 = 0.000000
FRotX10 = 0.000000
FRotY10 = 0.000000
FRotZ10 = 0.000000
FModel11 = 0
FPosX11 = 0.000000
FPosY11 = 0.000000
FPosZ11 = 0.000000
FRotX11 = 0.000000
FRotY11 = 0.000000
FRotZ11 = 0.000000
SlotRopero1 = 0
SlotRopero2 = 0
SlotRopero3 = 0
SlotRopero4 = 0
SlotRopero5 = 0
SlotRopero6 = 0
SlotRopero7 = 0
SlotRopero8 = 0
SlotRopero9 = 0
SlotRopero10 = 0
Tamano = 1
GInterior = 0
GExteriorX = 1949.813476
GExteriorY = -1562.245727
GExteriorZ = 13.623414
GExteriorR = 317.786224
Ammo1 = 0
Ammo2 = 0
Ammo3 = 0
Ammo4 = 0
Ammo5 = 0
