[HouseData]
Venta = 0
Nivel = 4
Interior = 1
CInterior = 0
CExterior = 0
Owner = Nobody
ExteriorX = 2513.714599
ExteriorY = -1650.252563
ExteriorZ = 14.355666
ExteriorR = 0.000000
ExteriorA = 319.451660
InteriorX = -585.604003
InteriorY = 2825.086669
InteriorZ = 52.607810
InteriorR = 0.000000
InteriorA = 165.108642
Seguro = 1
Renta = 0
RentaPrecio = 2
Precio = 72000
SafeMoney = 0
Pot = 0
Crack = 0
Materials = 0
Wep1 = 0
Wep2 = 0
Wep3 = 0
Wep4 = 0
Wep5 = 0
Direccion = Ganton
SlotRopero1 = 0
SlotRopero2 = 0
SlotRopero3 = 0
SlotRopero4 = 0
SlotRopero5 = 0
SlotRopero6 = 0
SlotRopero7 = 0
SlotRopero8 = 0
SlotRopero9 = 0
SlotRopero10 = 0
Ammo1 = 0
Ammo2 = 0
Ammo3 = 0
Ammo4 = 0
Ammo5 = 0
Tamano = 0
GInterior = 0
GExteriorX = 0.000000
GExteriorY = 0.000000
GExteriorZ = 0.000000
GExteriorR = 0.000000
