[HouseData]
Venta = 0
Nivel = 3
Interior = 0
CInterior = 0
CExterior = 0
Owner = Nobody
ExteriorX = 1969.348022
ExteriorY = -1654.672363
ExteriorZ = 15.968750
ExteriorR = 0.000000
ExteriorA = 359.246185
InteriorX = -501.976318
InteriorY = 2811.023681
InteriorZ = 69.300003
InteriorR = 0.000000
InteriorA = 280.664337
Seguro = 1
Renta = 1
RentaPrecio = 100
Precio = 25000
SafeMoney = 0
Pot = 0
Crack = 0
Materials = 0
Wep1 = 0
Wep2 = 0
Wep3 = 0
Wep4 = 0
Wep5 = 0
Direccion = Idlewood
FCount = 2
FModel0 = 1745
FModel1 = 2229
FPosX0 = -498.905609
FPosY0 = 2811.753906
FPosZ0 = 68.361579
FRotX0 = 0.200000
FRotY0 = -0.399999
FRotZ0 = -4.800024
FPosX1 = -497.500061
FPosY1 = 2808.547363
FPosZ1 = 70.300781
FRotX1 = 1.000000
FRotY1 = -0.600000
FRotZ1 = 173.500045
SlotRopero1 = 0
SlotRopero2 = 0
SlotRopero3 = 0
SlotRopero4 = 0
SlotRopero5 = 0
SlotRopero6 = 0
SlotRopero7 = 0
SlotRopero8 = 0
SlotRopero9 = 0
SlotRopero10 = 0
Tamano = 0
GInterior = 0
GExteriorX = 0.000000
GExteriorY = 0.000000
GExteriorZ = 0.000000
GExteriorR = 0.000000
Ammo1 = 0
Ammo2 = 0
Ammo3 = 0
Ammo4 = 0
Ammo5 = 0
