[HouseData]
Venta = 0
Nivel = 8
Interior = 249
CInterior = 1
CExterior = 0
Owner = Nobody
ExteriorX = 228.167175
ExteriorY = -1405.552368
ExteriorZ = 51.609375
ExteriorR = 0.000000
ExteriorA = 148.788269
InteriorX = 107.256393
InteriorY = 2791.198974
InteriorZ = 53.139060
InteriorR = 0.000000
InteriorA = 268.529266
Seguro = 1
Renta = 0
RentaPrecio = 0
Precio = 700000
SafeMoney = 0
Pot = 0
Crack = 0
Materials = 0
Wep1 = 0
Wep2 = 0
Wep3 = 0
Wep4 = 0
Wep5 = 0
Direccion = Rodeo
SlotRopero1 = 0
SlotRopero2 = 0
SlotRopero3 = 0
SlotRopero4 = 0
SlotRopero5 = 0
SlotRopero6 = 0
SlotRopero7 = 0
SlotRopero8 = 0
SlotRopero9 = 0
SlotRopero10 = 0
Tamano = 0
GInterior = 0
GExteriorX = 0.000000
GExteriorY = 0.000000
GExteriorZ = 0.000000
GExteriorR = 0.000000
Ammo1 = 0
Ammo2 = 0
Ammo3 = 0
Ammo4 = 0
Ammo5 = 0
