[HouseData]
Venta = 0
Nivel = 13
Interior = 0
CInterior = 0
CExterior = 0
Owner = Nobody
ExteriorX = 219.234420
ExteriorY = -1249.933349
ExteriorZ = 78.336265
ExteriorR = 0.000000
ExteriorA = 213.418487
InteriorX = -561.639099
InteriorY = 2823.064697
InteriorZ = 56.729686
InteriorR = 0.000000
InteriorA = 348.849822
Seguro = 1
Renta = 0
RentaPrecio = 0
Precio = 1890000
SafeMoney = 0
Pot = 0
Crack = 0
Materials = 0
Wep1 = 0
Wep2 = 0
Wep3 = 0
Wep4 = 0
Wep5 = 0
FCount = 2
FModel0 = 2822
FModel1 = 1700
FPosX1 = -554.628356
FPosY1 = 2842.242187
FPosZ1 = 55.822967
FRotX1 = 0.000000
FRotY1 = 0.000000
FRotZ1 = 0.000000
FPosX0 = -553.099060
FPosY0 = 2841.471679
FPosZ0 = 56.732948
FRotX0 = 0.000000
FRotY0 = 0.000000
FRotZ0 = 0.000000
Direccion = 
SlotRopero1 = 0
SlotRopero2 = 0
SlotRopero3 = 0
SlotRopero4 = 0
SlotRopero5 = 0
SlotRopero6 = 0
SlotRopero7 = 0
SlotRopero8 = 0
SlotRopero9 = 0
SlotRopero10 = 0
Tamano = 0
GInterior = 0
GExteriorX = 0.000000
GExteriorY = 0.000000
GExteriorZ = 0.000000
GExteriorR = 0.000000
Ammo1 = 0
Ammo2 = 0
Ammo3 = 0
Ammo4 = 0
Ammo5 = 0
