[HouseData]
Venta = 0
Nivel = 5
Interior = 0
CInterior = 0
CExterior = 0
Owner = Nobody
ExteriorX = 2091.007324
ExteriorY = -1277.980957
ExteriorZ = 26.179687
ExteriorR = 0.000000
ExteriorA = 176.303451
InteriorX = -461.531311
InteriorY = 2766.580810
InteriorZ = 69.265625
InteriorR = 0.000000
InteriorA = 95.169006
Seguro = 1
Renta = 0
RentaPrecio = 0
Precio = 120000
SafeMoney = 0
Pot = 0
Crack = 0
Materials = 0
Wep1 = 0
Wep2 = 0
Wep3 = 0
Wep4 = 0
Wep5 = 0
Direccion = 
FCount = 9
FModel0 = 1797
FModel1 = 2025
FModel2 = 2025
FModel3 = 2357
FModel4 = 2025
FModel5 = 2290
FPosX0 = -461.331359
FPosY0 = 2778.199951
FPosZ0 = 68.215660
FRotX0 = 0.000000
FRotY0 = 0.000000
FRotZ0 = -178.099853
FPosX1 = -465.579040
FPosY1 = 2778.159667
FPosZ1 = 68.335639
FRotX1 = 0.000000
FRotY1 = 0.000000
FRotZ1 = -90.499931
FPosX5 = -464.738250
FPosY5 = 2768.514404
FPosZ5 = 68.235687
FRotX5 = 0.000000
FRotY5 = 0.000000
FRotZ5 = -87.899986
FPosX2 = -460.580566
FPosY2 = 2769.987304
FPosZ2 = 68.315628
FRotX2 = 0.000000
FRotY2 = 0.000000
FRotZ2 = -87.900009
FPosX3 = -466.565063
FPosY3 = 2767.289550
FPosZ3 = 68.665641
FRotX3 = 0.000000
FRotY3 = 0.000000
FRotZ3 = -88.500022
FPosX4 = -467.595794
FPosY4 = 2771.829589
FPosZ4 = 68.255638
FRotX4 = 0.000000
FRotY4 = 0.000000
FRotZ4 = 0.000000
FModel6 = 2290
FPosX6 = -468.484466
FPosY6 = 2766.401611
FPosZ6 = 68.275657
FRotX6 = 0.000000
FRotY6 = 0.000000
FRotZ6 = 89.799949
FModel7 = 2100
FModel8 = 2008
FPosX7 = -464.474761
FPosY7 = 2774.060791
FPosZ7 = 68.275627
FRotX7 = 0.000000
FRotY7 = 0.000000
FRotZ7 = -3.899997
FPosX8 = -464.139190
FPosY8 = 2780.051025
FPosZ8 = 68.245613
FRotX8 = 0.000000
FRotY8 = 0.000000
FRotZ8 = 1.899984
SlotRopero1 = 48
SlotRopero2 = 0
SlotRopero3 = 0
SlotRopero4 = 0
SlotRopero5 = 0
SlotRopero6 = 0
SlotRopero7 = 0
SlotRopero8 = 0
SlotRopero9 = 0
SlotRopero10 = 0
Tamano = 1
GInterior = 0
GExteriorX = 2095.660400
GExteriorY = -1280.004272
GExteriorZ = 25.494716
GExteriorR = 0.873124
Ammo1 = 0
Ammo2 = 0
Ammo3 = 0
Ammo4 = 0
Ammo5 = 0
