[HouseData]
Venta = 0
Nivel = 3
Interior = 0
CInterior = 0
CExterior = 0
Owner = Logan_Callright
ExteriorX = 2192.393310
ExteriorY = -1815.226318
ExteriorZ = 13.546875
ExteriorR = 0.000000
ExteriorA = 185.584335
InteriorX = -501.825164
InteriorY = 2811.056396
InteriorZ = 69.300003
InteriorR = 0.000000
InteriorA = 271.310852
Seguro = 1
Renta = 0
RentaPrecio = 150
Precio = 25000
SafeMoney = 46000
Pot = 6
Crack = 3
Materials = 100
Wep1 = 0
Wep2 = 0
Wep3 = 0
Wep4 = 0
Wep5 = 0
Direccion = 
FCount = 15
FModel0 = 1502
FPosX0 = -497.429473
FPosY0 = 2812.378662
FPosZ0 = 68.330001
FRotX0 = 0.000000
FRotY0 = 0.000000
FRotZ0 = 0.000000
FModel1 = 19358
FModel2 = 1794
FModel3 = 2738
FPosX3 = -496.904876
FPosY3 = 2814.753417
FPosZ3 = 68.887329
FRotX3 = 0.000000
FRotY3 = 0.000000
FRotZ3 = 0.000000
FPosX1 = -497.470703
FPosY1 = 2813.894775
FPosZ1 = 70.089988
FRotX1 = 0.000000
FRotY1 = 0.000000
FRotZ1 = 0.000000
FModel4 = 19358
FModel5 = 2025
FPosX4 = -494.341583
FPosY4 = 2812.263427
FPosZ4 = 70.109977
FRotX4 = 0.000000
FRotY4 = 0.000000
FRotZ4 = 85.199981
FPosX5 = -494.739227
FPosY5 = 2809.885009
FPosZ5 = 68.350021
FRotX5 = 0.000000
FRotY5 = 0.000000
FRotZ5 = -89.799987
FPosX2 = -499.427246
FPosY2 = 2811.972900
FPosZ2 = 68.359367
FRotX2 = -0.799998
FRotY2 = 0.000000
FRotZ2 = -177.100036
FModel6 = 19358
FPosX6 = -495.805603
FPosY6 = 2812.428222
FPosZ6 = 72.517311
FRotX6 = 0.000000
FRotY6 = 0.000000
FRotZ6 = 85.500015
FModel7 = 2167
FPosX7 = -499.792083
FPosY7 = 2811.996582
FPosZ7 = 68.437339
FRotX7 = 0.000000
FRotY7 = 0.000000
FRotZ7 = 0.000000
FModel8 = 2689
FModel9 = 2705
FModel10 = 2523
FModel11 = 2200
FModel12 = 1518
FModel13 = 2229
FModel14 = 19318
FPosX8 = -495.202209
FPosY8 = 2809.849609
FPosZ8 = 69.539993
FRotX8 = 0.000000
FRotY8 = 0.000000
FRotZ8 = -94.000007
FPosX9 = -495.274444
FPosY9 = 2809.079101
FPosZ9 = 69.520004
FRotX9 = 0.000000
FRotY9 = 0.000000
FRotZ9 = -96.799957
FPosX10 = -494.723083
FPosY10 = 2813.524414
FPosZ10 = 68.347366
FRotX10 = 0.000000
FRotY10 = 0.000000
FRotZ10 = -90.499977
FPosX11 = -499.358551
FPosY11 = 2815.149902
FPosZ11 = 68.380012
FRotX11 = 0.000000
FRotY11 = 0.000000
FRotZ11 = 0.000000
FPosX12 = -499.763000
FPosY12 = 2811.774169
FPosZ12 = 70.229988
FRotX12 = 0.000000
FRotY12 = 0.000000
FRotZ12 = 0.000000
FPosX13 = -498.862884
FPosY13 = 2812.137939
FPosZ13 = 68.327316
FRotX13 = 0.000000
FRotY13 = 0.000000
FRotZ13 = 0.000000
FPosX14 = -498.724121
FPosY14 = 2815.199707
FPosZ14 = 71.010002
FRotX14 = 0.000000
FRotY14 = 0.000000
FRotZ14 = 0.000000
SlotRopero1 = 105
SlotRopero2 = 0
SlotRopero3 = 0
SlotRopero4 = 0
SlotRopero5 = 0
SlotRopero6 = 0
SlotRopero7 = 0
SlotRopero8 = 0
SlotRopero9 = 0
SlotRopero10 = 0
Ammo1 = 0
Ammo2 = 0
Ammo3 = 0
Ammo4 = 0
Ammo5 = 0
Tamano = 0
GInterior = 0
GExteriorX = 0.000000
GExteriorY = 0.000000
GExteriorZ = 0.000000
GExteriorR = 0.000000
