[HouseData]
Venta = 0
Nivel = 4
Interior = 0
CInterior = 0
CExterior = 0
Owner = Nobody
ExteriorX = 352.372467
ExteriorY = -1197.947143
ExteriorZ = 76.515625
ExteriorR = 0.000000
ExteriorA = 236.129516
InteriorX = 1531.176269
InteriorY = -999.462280
InteriorZ = -68.302604
InteriorR = 0.000000
InteriorA = 358.395019
Seguro = 1
Renta = 0
RentaPrecio = 0
Precio = 250000
SafeMoney = 0
Pot = 0
Crack = 0
Materials = 0
Wep1 = 0
Wep2 = 0
Wep3 = 0
Wep4 = 0
Wep5 = 0
FCount = 26
FModel0 = 1709
FModel1 = 2069
FModel2 = 2069
FModel3 = 1701
FModel4 = 2025
FModel5 = 2316
FModel6 = 1709
FModel7 = 14491
FPosX0 = 1533.279541
FPosY0 = -983.462829
FPosZ0 = -69.422622
FRotX0 = 0.000000
FRotY0 = 0.000000
FRotZ0 = -90.600006
FPosX1 = 1534.336425
FPosY1 = -982.746582
FPosZ1 = -69.122642
FRotX1 = 0.000000
FRotY1 = 0.000000
FRotZ1 = 0.000000
FPosX2 = 1528.189453
FPosY2 = -983.230834
FPosZ2 = -69.232650
FRotX2 = 0.000000
FRotY2 = 0.000000
FRotZ2 = 0.000000
FPosX3 = 1533.753295
FPosY3 = -983.036071
FPosZ3 = -65.689704
FRotX3 = 0.000000
FRotY3 = 0.000000
FRotZ3 = 0.000000
FPosX4 = 1537.523071
FPosY4 = -983.292724
FPosZ4 = -65.672599
FRotX4 = 0.000000
FRotY4 = 0.000000
FRotZ4 = -91.500007
FPosX5 = 1531.290771
FPosY5 = -977.173522
FPosZ5 = -66.919692
FRotX5 = 0.000000
FRotY5 = 0.000000
FRotZ5 = 0.000000
FPosX6 = 1529.646118
FPosY6 = -989.051696
FPosZ6 = -69.292617
FRotX6 = 0.000000
FRotY6 = 0.000000
FRotZ6 = 92.400001
FPosX7 = 1532.030029
FPosY7 = -983.000793
FPosZ7 = -67.962631
FRotX7 = 0.000000
FRotY7 = 0.000000
FRotZ7 = 0.000000
FModel8 = 14720
FModel9 = 1502
FModel10 = 1502
FModel11 = 1985
FModel12 = 1494
FModel13 = 2872
FModel14 = 19318
FModel15 = 18646
FModel16 = 18646
FModel17 = 2779
FPosX8 = 1545.499023
FPosY8 = -988.755798
FPosZ8 = -69.349563
FRotX8 = 0.000000
FRotY8 = 0.000000
FRotZ8 = -178.599884
FPosX9 = 1522.975341
FPosY9 = -980.092956
FPosZ9 = -65.719558
FRotX9 = 0.000000
FRotY9 = 0.000000
FRotZ9 = 0.000000
FPosX10 = 1530.509399
FPosY10 = -981.712219
FPosZ10 = -65.748466
FRotX10 = 0.000000
FRotY10 = 0.000000
FRotZ10 = -89.199989
FPosX11 = 1516.958129
FPosY11 = -991.633911
FPosZ11 = -66.020523
FRotX11 = 0.000000
FRotY11 = 0.000000
FRotZ11 = 0.000000
FPosX17 = 1518.693237
FPosY17 = -987.505126
FPosZ17 = -69.368751
FRotX17 = 0.000000
FRotY17 = 0.000000
FRotZ17 = 0.000000
FPosX12 = 1515.898681
FPosY12 = -986.727233
FPosZ12 = -68.318756
FRotX12 = 0.000000
FRotY12 = 0.000000
FRotZ12 = 0.000000
FPosX15 = 1541.473510
FPosY15 = -990.430664
FPosZ15 = -68.326568
FRotX15 = 0.000000
FRotY15 = 0.000000
FRotZ15 = 0.000000
FPosX16 = 1530.630493
FPosY16 = -985.521240
FPosZ16 = -68.279693
FRotX16 = 0.000000
FRotY16 = 0.000000
FRotZ16 = 0.000000
FPosX14 = 1519.536987
FPosY14 = -988.764038
FPosZ14 = -68.318756
FRotX14 = 0.000000
FRotY14 = 0.000000
FRotZ14 = 0.000000
FPosX13 = 1516.545776
FPosY13 = -987.359375
FPosZ13 = -69.308746
FRotX13 = 0.000000
FRotY13 = 0.000000
FRotZ13 = 0.000000
FModel18 = 638
FModel19 = 638
FModel20 = 2002
FModel21 = 2415
FModel22 = 2822
FModel23 = 2524
FModel24 = 2514
FModel25 = 2517
FPosX18 = 1534.379028
FPosY18 = -997.066101
FPosZ18 = -68.658760
FRotX18 = 0.000000
FRotY18 = 0.000000
FRotZ18 = 0.000000
FPosX19 = 1528.260375
FPosY19 = -997.029479
FPosZ19 = -68.678771
FRotX19 = 0.000000
FRotY19 = 0.000000
FRotZ19 = 0.000000
Direccion = 
SlotRopero1 = 0
SlotRopero2 = 0
SlotRopero3 = 0
SlotRopero4 = 0
SlotRopero5 = 0
SlotRopero6 = 0
SlotRopero7 = 0
SlotRopero8 = 0
SlotRopero9 = 0
SlotRopero10 = 29
Tamano = 1
GInterior = 0
GExteriorX = 346.899230
GExteriorY = -1198.977050
GExteriorZ = 76.515625
GExteriorR = 219.155578
Ammo1 = 0
Ammo2 = 0
Ammo3 = 0
Ammo4 = 0
Ammo5 = 0
