[HouseData]
Venta = 0
Nivel = 13
Interior = 0
CInterior = 0
CExterior = 0
Owner = Nobody
ExteriorX = 253.031219
ExteriorY = -1270.109619
ExteriorZ = 74.425811
ExteriorR = 0.000000
ExteriorA = 224.769622
InteriorX = 1531.176269
InteriorY = -999.462280
InteriorZ = -68.302604
InteriorR = 0.000000
InteriorA = 358.395019
Seguro = 1
Renta = 0
RentaPrecio = 1
Precio = 2100000
SafeMoney = 0
Pot = 0
Crack = 0
Materials = 0
Wep1 = 0
Wep2 = 0
Wep3 = 0
Wep4 = 0
Wep5 = 0
Direccion = Richman
SlotRopero1 = 21
SlotRopero2 = 99
SlotRopero3 = 171
SlotRopero4 = 194
SlotRopero5 = 0
SlotRopero6 = 0
SlotRopero7 = 0
SlotRopero8 = 0
SlotRopero9 = 0
SlotRopero10 = 0
FCount = 19
FModel0 = 2299
FModel1 = 2025
FModel2 = 2123
FModel3 = 2123
FModel4 = 2299
FModel5 = 2167
FModel6 = 2527
FModel7 = 2514
FModel8 = 2635
FModel9 = 2135
FModel10 = 2136
FModel11 = 2140
FModel12 = 2103
FModel13 = 1518
FModel14 = 1491
FModel15 = 0
FModel16 = 2779
FModel17 = 19354
FPosX0 = 1533.981201
FPosY0 = -982.956726
FPosZ0 = -65.759552
FRotX0 = 0.000000
FRotY0 = 0.000000
FRotZ0 = 0.000000
FPosX1 = 1537.212280
FPosY1 = -983.639038
FPosZ1 = -65.757377
FRotX1 = 0.600002
FRotY1 = -0.600005
FRotZ1 = -86.300003
FPosX2 = 1533.275878
FPosY2 = -981.409301
FPosZ2 = -68.682746
FRotX2 = -0.199999
FRotY2 = -1.099997
FRotZ2 = 88.699974
FPosX3 = 1533.225219
FPosY3 = -983.425476
FPosZ3 = -68.758682
FRotX3 = -1.000002
FRotY3 = -1.300000
FRotZ3 = -91.299972
FPosX4 = 1542.291870
FPosY4 = -981.149658
FPosZ4 = -69.342330
FRotX4 = -0.399998
FRotY4 = 0.200000
FRotZ4 = -78.599960
FPosX5 = 1531.297729
FPosY5 = -977.391601
FPosZ5 = -69.312667
FRotX5 = 0.000000
FRotY5 = 0.000000
FRotZ5 = 0.000000
FPosX6 = 1526.915893
FPosY6 = -977.513244
FPosZ6 = -65.722732
FRotX6 = 0.000000
FRotY6 = 0.000000
FRotZ6 = 0.000000
FPosX7 = 1522.473510
FPosY7 = -976.540588
FPosZ7 = -65.702682
FRotX7 = 0.000000
FRotY7 = 0.000000
FRotZ7 = 0.000000
FPosX9 = 1522.975952
FPosY9 = -978.102661
FPosZ9 = -69.262664
FRotX9 = 0.000000
FRotY9 = 0.000000
FRotZ9 = 0.000000
FPosX10 = 1520.984863
FPosY10 = -977.917663
FPosZ10 = -69.310615
FRotX10 = 0.000000
FRotY10 = 0.000000
FRotZ10 = 0.000000
FPosX11 = 1519.895019
FPosY11 = -977.849487
FPosZ11 = -69.295227
FRotX11 = 0.000000
FRotY11 = 0.000000
FRotZ11 = 0.000000
FPosX12 = 1534.596435
FPosY12 = -979.752319
FPosZ12 = -69.270767
FRotX12 = 0.700000
FRotY12 = 0.000000
FRotZ12 = -91.199981
FPosX13 = 1531.320678
FPosY13 = -977.610656
FPosZ13 = -67.514633
FRotX13 = 0.000000
FRotY13 = 0.000000
FRotZ13 = 0.000000
FPosX14 = 1523.075927
FPosY14 = -980.091735
FPosZ14 = -65.670097
FRotX14 = 0.000000
FRotY14 = 0.000000
FRotZ14 = 0.000000
FPosX15 = 0.000000
FPosY15 = 0.000000
FPosZ15 = 0.000000
FRotX15 = 0.000000
FRotY15 = 0.000000
FRotZ15 = 0.000000
FPosX16 = 1528.977172
FPosY16 = -977.925476
FPosZ16 = -69.153518
FRotX16 = 0.000000
FRotY16 = 0.000000
FRotZ16 = 0.000000
FPosX17 = 1523.927246
FPosY17 = -977.550537
FPosZ17 = -67.547348
FRotX17 = -0.499999
FRotY17 = -1.000003
FRotZ17 = 89.100013
FModel18 = 2123
FModel19 = 2123
FPosX18 = 1532.117553
FPosY18 = -982.316223
FPosZ18 = -68.611068
FRotX18 = -0.400001
FRotY18 = 2.900000
FRotZ18 = -179.500061
FPosX19 = 1534.343017
FPosY19 = -982.328979
FPosZ19 = -68.672683
FRotX19 = 0.000000
FRotY19 = 0.000000
FRotZ19 = 0.000000
FPosX8 = 1533.140747
FPosY8 = -982.432739
FPosZ8 = -68.849716
FRotX8 = 0.000000
FRotY8 = 0.000000
FRotZ8 = 0.000000
Tamano = 0
GInterior = 0
GExteriorX = 0.000000
GExteriorY = 0.000000
GExteriorZ = 0.000000
GExteriorR = 0.000000
Ammo1 = 0
Ammo2 = 0
Ammo3 = 0
Ammo4 = 0
Ammo5 = 0
