[HouseData]
Venta = 0
Nivel = 4
Interior = 21
CInterior = 0
CExterior = 0
Owner = Nobody
Direccion = Ganton
ExteriorX = 2523.268798
ExteriorY = -1679.096801
ExteriorZ = 15.496996
ExteriorR = 0.000000
ExteriorA = 324.229095
InteriorX = -561.509216
InteriorY = 2822.840820
InteriorZ = 56.729686
InteriorR = 0.000000
InteriorA = 178.901031
Seguro = 1
Renta = 0
RentaPrecio = 0
Precio = 72000
SafeMoney = 0
Pot = 0
Crack = 0
Materials = 0
Wep1 = 0
Wep2 = 0
Wep3 = 0
Wep4 = 0
Wep5 = 0
FCount = 10
FModel0 = 2167
FModel1 = 2705
FModel2 = 2110
FModel3 = 2121
FModel4 = 2121
FModel5 = 2121
FModel6 = 2121
FModel7 = 14491
FModel8 = 2103
FModel9 = 2337
FPosX0 = -495.846130
FPosY0 = 2814.482421
FPosZ0 = 68.510002
FRotX0 = 0.000000
FRotY0 = 0.000000
FRotZ0 = 0.000000
FPosX1 = -561.141052
FPosY1 = 2830.681884
FPosZ1 = 56.736995
FRotX1 = 0.000000
FRotY1 = 0.000000
FRotZ1 = 0.000000
FPosX2 = -554.399536
FPosY2 = 2841.468261
FPosZ2 = 55.752975
FRotX2 = 0.000000
FRotY2 = 0.000000
FRotZ2 = 0.000000
FPosX3 = -552.029602
FPosY3 = 2840.904052
FPosZ3 = 56.262943
FRotX3 = 0.000000
FRotY3 = 0.000000
FRotZ3 = -138.899978
FPosX4 = -555.777893
FPosY4 = 2841.685058
FPosZ4 = 56.232940
FRotX4 = 0.000000
FRotY4 = 0.000000
FRotZ4 = 60.800006
FPosX5 = -552.884277
FPosY5 = 2842.791992
FPosZ5 = 56.223175
FRotX5 = 0.099999
FRotY5 = 0.000000
FRotZ5 = -34.200000
FPosX6 = -554.273254
FPosY6 = 2842.971923
FPosZ6 = 56.222976
FRotX6 = 0.000000
FRotY6 = 0.000000
FRotZ6 = 0.000000
FPosX8 = -553.902099
FPosY8 = 2841.347412
FPosZ8 = 55.732963
FRotX8 = 0.000000
FRotY8 = 0.000000
FRotZ8 = 0.000000
FPosX9 = -569.397277
FPosY9 = 2837.865234
FPosZ9 = 55.882949
FRotX9 = 0.000000
FRotY9 = 0.000000
FRotZ9 = 0.000000
SlotRopero1 = 0
SlotRopero2 = 0
SlotRopero3 = 0
SlotRopero4 = 0
SlotRopero5 = 0
SlotRopero6 = 0
SlotRopero7 = 0
SlotRopero8 = 0
SlotRopero9 = 0
SlotRopero10 = 0
Tamano = 1
GInterior = 0
GExteriorX = 2517.050537
GExteriorY = -1672.327026
GExteriorZ = 13.994386
GExteriorR = 244.887054
Ammo1 = 0
Ammo2 = 0
Ammo3 = 0
Ammo4 = 0
Ammo5 = 0
