[HouseData]
Venta = 0
Nivel = 10
Interior = 5
CInterior = 0
CExterior = 0
Owner = Nobody
ExteriorX = 646.041992
ExteriorY = -1117.370239
ExteriorZ = 44.207038
ExteriorR = 0.000000
ExteriorA = 225.045120
InteriorX = 226.753067
InteriorY = 1114.208984
InteriorZ = 1080.995239
InteriorR = 0.000000
InteriorA = 266.760986
Seguro = 1
Renta = 0
RentaPrecio = 0
Precio = 275000
SafeMoney = 0
Pot = 0
Crack = 0
Materials = 0
Wep1 = 0
Wep2 = 0
Wep3 = 0
Wep4 = 0
Wep5 = 0
Direccion = Richman
SlotRopero1 = 0
SlotRopero2 = 0
SlotRopero3 = 0
SlotRopero4 = 0
SlotRopero5 = 0
SlotRopero6 = 0
SlotRopero7 = 0
SlotRopero8 = 0
SlotRopero9 = 0
SlotRopero10 = 0
Tamano = 2
GInterior = 0
GExteriorX = 636.876037
GExteriorY = -1122.507446
GExteriorZ = 44.524871
GExteriorR = 225.262863
Ammo1 = 0
Ammo2 = 0
Ammo3 = 0
Ammo4 = 0
Ammo5 = 0
