[HouseData]
Venta = 0
Nivel = 3
Interior = 0
CInterior = 0
CExterior = 0
Owner = Nobody
ExteriorX = 1973.209350
ExteriorY = -1705.159545
ExteriorZ = 15.968750
ExteriorR = 0.000000
ExteriorA = 347.945251
InteriorX = -501.813995
InteriorY = 2811.594238
InteriorZ = 69.300003
InteriorR = 0.000000
InteriorA = 95.024070
Seguro = 1
Renta = 0
RentaPrecio = 1
Precio = 25000
SafeMoney = 0
Pot = 0
Crack = 0
Materials = 0
Wep1 = 0
Wep2 = 0
Wep3 = 0
Wep4 = 0
Wep5 = 0
FCount = 3
FModel0 = 2571
Direccion = Idlewood
FModel1 = 2008
FModel2 = 0
FModel3 = 2296
FModel4 = 0
FModel5 = 0
FModel6 = 0
FModel7 = 0
FModel8 = 0
FModel9 = 0
FModel10 = 0
FPosX0 = -499.671630
FPosY0 = 2810.251464
FPosZ0 = 68.290000
FRotX0 = 0.000000
FRotY0 = 0.000000
FRotZ0 = 0.000000
FPosX1 = -494.806091
FPosY1 = 2813.055419
FPosZ1 = 68.327331
FRotX1 = 0.000000
FRotY1 = 0.000000
FRotZ1 = -85.499984
FPosX2 = 0.000000
FPosY2 = 0.000000
FPosZ2 = 0.000000
FRotX2 = 0.000000
FRotY2 = 0.000000
FRotZ2 = 0.000000
FPosX3 = -496.998291
FPosY3 = 2808.721191
FPosZ3 = 68.278709
FRotX3 = 0.499999
FRotY3 = -0.800000
FRotZ3 = 179.400024
FPosX4 = 0.000000
FPosY4 = 0.000000
FPosZ4 = 0.000000
FRotX4 = 0.000000
FRotY4 = 0.000000
FRotZ4 = 0.000000
FPosX5 = 0.000000
FPosY5 = 0.000000
FPosZ5 = 0.000000
FRotX5 = 0.000000
FRotY5 = 0.000000
FRotZ5 = 0.000000
FPosX6 = 0.000000
FPosY6 = 0.000000
FPosZ6 = 0.000000
FRotX6 = 0.000000
FRotY6 = 0.000000
FRotZ6 = 0.000000
FPosX7 = 0.000000
FPosY7 = 0.000000
FPosZ7 = 0.000000
FRotX7 = 0.000000
FRotY7 = 0.000000
FRotZ7 = 0.000000
FPosX8 = 0.000000
FPosY8 = 0.000000
FPosZ8 = 0.000000
FRotX8 = 0.000000
FRotY8 = 0.000000
FRotZ8 = 0.000000
FPosX9 = 0.000000
FPosY9 = 0.000000
FPosZ9 = 0.000000
FRotX9 = 0.000000
FRotY9 = 0.000000
FRotZ9 = 0.000000
FPosX10 = 0.000000
FPosY10 = 0.000000
FPosZ10 = 0.000000
FRotX10 = 0.000000
FRotY10 = 0.000000
FRotZ10 = 0.000000
SlotRopero1 = 0
SlotRopero2 = 0
SlotRopero3 = 0
SlotRopero4 = 0
SlotRopero5 = 0
SlotRopero6 = 0
SlotRopero7 = 0
SlotRopero8 = 0
SlotRopero9 = 0
SlotRopero10 = 0
Tamano = 0
GInterior = 0
GExteriorX = 0.000000
GExteriorY = 0.000000
GExteriorZ = 0.000000
GExteriorR = 0.000000
Ammo1 = 0
Ammo2 = 0
Ammo3 = 0
Ammo4 = 0
Ammo5 = 0
