[HouseData]
Venta = 0
Nivel = 9
Interior = 0
CInterior = 0
CExterior = 0
Owner = Nobody
ExteriorX = 849.583618
ExteriorY = -1520.085327
ExteriorZ = 14.347782
ExteriorR = 0.000000
ExteriorA = 82.498908
InteriorX = 2453.392089
InteriorY = -1368.745483
InteriorZ = -15.985256
InteriorR = 0.000000
InteriorA = 75.620704
Seguro = 1
Renta = 0
RentaPrecio = 0
Precio = 254000
SafeMoney = 0
Pot = 0
Crack = 0
Materials = 0
Wep1 = 0
Wep2 = 0
Wep3 = 0
Wep4 = 0
Wep5 = 0
Direccion = Marina
SlotRopero1 = 0
SlotRopero2 = 0
SlotRopero3 = 0
SlotRopero4 = 0
SlotRopero5 = 0
SlotRopero6 = 0
SlotRopero7 = 0
SlotRopero8 = 0
SlotRopero9 = 0
SlotRopero10 = 0
Tamano = 3
GInterior = 0
GExteriorX = 854.393249
GExteriorY = -1528.142211
GExteriorZ = 13.255758
GExteriorR = 87.686088
Ammo1 = 0
Ammo2 = 0
Ammo3 = 0
Ammo4 = 0
Ammo5 = 0
