[HouseData]
Venta = 0
Nivel = 5
Interior = 1
CInterior = 0
CExterior = 0
Owner = Nobody
ExteriorX = 2126.701904
ExteriorY = -1320.866455
ExteriorZ = 26.624097
ExteriorR = 0.000000
ExteriorA = 175.943618
InteriorX = -585.604003
InteriorY = 2825.086669
InteriorZ = 52.607810
InteriorR = 0.000000
InteriorA = 165.108642
Seguro = 1
Renta = 1
RentaPrecio = 250
Precio = 124000
SafeMoney = 0
Pot = 0
Crack = 0
Materials = 0
Wep1 = 0
Wep2 = 0
Wep3 = 0
Wep4 = 0
Wep5 = 0
FCount = 20
FModel0 = 2263
FModel1 = 2279
FModel2 = 2299
FModel3 = 2528
FModel4 = 2519
FModel5 = 1707
FModel6 = 1707
FModel7 = 19360
FModel8 = 1985
FModel9 = 18646
FPosX0 = -587.276245
FPosY0 = 2828.995361
FPosZ0 = 53.066322
FRotX0 = -0.199999
FRotY0 = 0.400000
FRotZ0 = 89.900009
FPosX1 = -582.058410
FPosY1 = 2829.806884
FPosZ1 = 53.232147
FRotX1 = 0.699999
FRotY1 = -0.799998
FRotZ1 = -89.599975
FPosX2 = -589.236877
FPosY2 = 2830.122070
FPosZ2 = 51.609172
FRotX2 = -2.399999
FRotY2 = 0.100000
FRotZ2 = 89.500000
FPosX3 = -590.300476
FPosY3 = 2827.490722
FPosZ3 = 51.587821
FRotX3 = 0.000000
FRotY3 = 0.000000
FRotZ3 = 0.000000
FPosX4 = -591.903198
FPosY4 = 2826.298339
FPosZ4 = 51.602149
FRotX4 = 0.000000
FRotY4 = 0.199999
FRotZ4 = 91.099975
FPosX5 = -585.814086
FPosY5 = 2829.557128
FPosZ5 = 51.542121
FRotX5 = -2.899999
FRotY5 = 0.399999
FRotZ5 = 92.200035
FPosX6 = -582.132080
FPosY6 = 2831.065185
FPosZ6 = 51.487377
FRotX6 = -3.199999
FRotY6 = 0.499999
FRotZ6 = -91.600036
FPosX7 = -586.555419
FPosY7 = 2829.974853
FPosZ7 = 53.267818
FRotX7 = 0.000000
FRotY7 = 0.000000
FRotZ7 = 0.000000
FPosX8 = -577.327392
FPosY8 = 2826.218017
FPosZ8 = 54.756481
FRotX8 = 0.000000
FRotY8 = 0.000000
FRotZ8 = 0.000000
FPosX9 = -584.830139
FPosY9 = 2831.518310
FPosZ9 = 54.182090
FRotX9 = 83.099990
FRotY9 = 0.000000
FRotZ9 = 0.000000
FModel10 = 2025
FModel11 = 2357
FModel12 = 2075
FModel13 = 2071
FModel14 = 2263
FModel15 = 2071
FModel16 = 2524
FModel17 = 1208
FPosX10 = -588.422668
FPosY10 = 2828.692138
FPosZ10 = 51.557807
FRotX10 = 0.000000
FRotY10 = 0.000000
FRotZ10 = -179.700027
FPosX11 = -577.766418
FPosY11 = 2828.855224
FPosZ11 = 51.995948
FRotX11 = 0.899999
FRotY11 = 0.000000
FRotZ11 = -179.700012
FPosX12 = -578.214416
FPosY12 = 2827.312744
FPosZ12 = 54.759986
FRotX12 = 0.000000
FRotY12 = 0.000000
FRotZ12 = 0.000000
FPosX13 = -581.900390
FPosY13 = 2824.487060
FPosZ13 = 52.877880
FRotX13 = 0.000000
FRotY13 = -0.199999
FRotZ13 = -166.200012
FPosX14 = -582.204650
FPosY14 = 2831.045166
FPosZ14 = 53.179981
FRotX14 = 0.000000
FRotY14 = 0.000000
FRotZ14 = 0.000000
FPosX15 = -592.410522
FPosY15 = 2828.411376
FPosZ15 = 53.027774
FRotX15 = 0.000000
FRotY15 = 0.000000
FRotZ15 = 164.799972
FPosX16 = -591.875976
FPosY16 = 2824.409667
FPosZ16 = 51.606231
FRotX16 = -0.699999
FRotY16 = 0.000000
FRotZ16 = 92.699981
FPosX17 = -590.725341
FPosY17 = 2824.525146
FPosZ17 = 51.577823
FRotX17 = 0.000000
FRotY17 = 0.000000
FRotZ17 = 0.000000
FModel18 = 19433
FPosX18 = -585.798095
FPosY18 = 2828.417968
FPosZ18 = 52.827800
FRotX18 = 0.000000
FRotY18 = 0.000000
FRotZ18 = 89.199996
Direccion = Jefferson
FModel19 = 2100
SlotRopero1 = 0
SlotRopero2 = 0
SlotRopero3 = 0
SlotRopero4 = 0
SlotRopero5 = 0
SlotRopero6 = 0
SlotRopero7 = 0
SlotRopero8 = 0
SlotRopero9 = 0
SlotRopero10 = 0
Tamano = 0
GInterior = 0
GExteriorX = 0.000000
GExteriorY = 0.000000
GExteriorZ = 0.000000
GExteriorR = 0.000000
Ammo1 = 0
Ammo2 = 0
Ammo3 = 0
Ammo4 = 0
Ammo5 = 0
