[HouseData]
Venta = 0
Nivel = 3
Interior = 156
CInterior = 0
CExterior = 0
Owner = Nobody
ExteriorX = 2148.580078
ExteriorY = -1319.700927
ExteriorZ = 25.743345
ExteriorR = 0.000000
ExteriorA = 177.683441
InteriorX = -408.029724
InteriorY = 2793.452392
InteriorZ = 69.849998
InteriorR = 0.000000
InteriorA = 278.264770
Seguro = 1
Renta = 0
RentaPrecio = 0
Precio = 60000
SafeMoney = 0
Pot = 0
Crack = 0
Materials = 0
Wep1 = 0
Wep2 = 0
Wep3 = 0
Wep4 = 0
Wep5 = 0
Direccion = Jefferson
SlotRopero1 = 292
SlotRopero2 = 29
SlotRopero3 = 122
SlotRopero4 = 23
SlotRopero5 = 0
SlotRopero6 = 0
SlotRopero7 = 0
SlotRopero8 = 0
SlotRopero9 = 0
SlotRopero10 = 0
FCount = 5
FModel0 = 2299
FModel1 = 2026
FModel2 = 2524
FModel3 = 2705
FModel4 = 2689
FPosX0 = -417.327758
FPosY0 = 2793.889892
FPosZ0 = 68.885551
FRotX0 = -1.100002
FRotY0 = 0.199995
FRotZ0 = 179.899917
FPosX4 = -417.801055
FPosY4 = 2790.399169
FPosZ4 = 70.920005
FRotX4 = 0.000000
FRotY4 = 0.000000
FRotZ4 = 178.100036
FPosX3 = -418.612915
FPosY3 = 2790.391601
FPosZ3 = 70.910018
FRotX3 = 0.000000
FRotY3 = 0.000000
FRotZ3 = 0.000000
FPosX2 = -417.202453
FPosY2 = 2796.140869
FPosZ2 = 68.820014
FRotX2 = 0.000000
FRotY2 = -0.399999
FRotZ2 = 86.999961
FPosX1 = -409.653564
FPosY1 = 2792.061523
FPosZ1 = 72.339950
FRotX1 = 0.000000
FRotY1 = 0.000000
FRotZ1 = 0.000000
Tamano = 0
GInterior = 0
GExteriorX = 0.000000
GExteriorY = 0.000000
GExteriorZ = 0.000000
GExteriorR = 0.000000
Ammo1 = 0
Ammo2 = 0
Ammo3 = 0
Ammo4 = 0
Ammo5 = 0
