[HouseData]
Venta = 0
Nivel = 11
Interior = 0
CInterior = 1
CExterior = 0
Owner = Nobody
ExteriorX = 1545.816650
ExteriorY = -1268.296752
ExteriorZ = 17.406250
ExteriorR = 0.000000
ExteriorA = 308.027618
InteriorX = 1572.623168
InteriorY = -1246.870605
InteriorZ = 261.638031
InteriorR = 0.000000
InteriorA = 356.199707
Seguro = 1
Renta = 0
RentaPrecio = 0
Precio = 1000000
SafeMoney = 0
Pot = 0
Crack = 0
Materials = 0
Wep1 = 0
Wep2 = 0
Wep3 = 0
Wep4 = 0
Wep5 = 0
Direccion = Downtown Los Santos
SlotRopero1 = 0
SlotRopero2 = 0
SlotRopero3 = 0
SlotRopero4 = 0
SlotRopero5 = 0
SlotRopero6 = 0
SlotRopero7 = 0
SlotRopero8 = 0
SlotRopero9 = 0
SlotRopero10 = 0
Tamano = 0
GInterior = 0
GExteriorX = 0.000000
GExteriorY = 0.000000
GExteriorZ = 0.000000
GExteriorR = 0.000000
Ammo1 = 0
Ammo2 = 0
Ammo3 = 0
Ammo4 = 0
Ammo5 = 0
