[HouseData]
Venta = 0
Nivel = 11
Interior = 0
CInterior = 0
CExterior = 0
Owner = Nobody
ExteriorX = 1045.063476
ExteriorY = -642.953552
ExteriorZ = 120.117187
ExteriorR = 0.000000
ExteriorA = 194.965026
InteriorX = 1045.003662
InteriorY = -642.966674
InteriorZ = 120.117187
InteriorR = 0.000000
InteriorA = 195.169296
Seguro = 1
Renta = 0
RentaPrecio = 0
Precio = 900000
SafeMoney = 0
Pot = 0
Crack = 0
Materials = 0
Wep1 = 0
Wep2 = 0
Wep3 = 0
Wep4 = 0
Wep5 = 0
Direccion = Mulholland
SlotRopero1 = 0
SlotRopero2 = 0
SlotRopero3 = 0
SlotRopero4 = 0
SlotRopero5 = 0
SlotRopero6 = 0
SlotRopero7 = 0
SlotRopero8 = 0
SlotRopero9 = 0
SlotRopero10 = 0
Tamano = 3
GInterior = 0
GExteriorX = 1039.389770
GExteriorY = -640.968017
GExteriorZ = 120.117187
GExteriorR = 186.490066
Ammo1 = 0
Ammo2 = 0
Ammo3 = 0
Ammo4 = 0
Ammo5 = 0
