[HouseData]
Venta = 0
Nivel = 4
Interior = 10
CInterior = 0
CExterior = 0
Owner = Nobody
Direccion = Ganton
ExteriorX = 2524.708007
ExteriorY = -1658.611083
ExteriorZ = 15.824020
ExteriorR = 0.000000
ExteriorA = 263.627655
InteriorX = 2259.382812
InteriorY = -1135.819702
InteriorZ = 1050.640258
InteriorR = 0.000000
InteriorA = 97.302772
Seguro = 1
Renta = 0
RentaPrecio = 0
Precio = 47000
SafeMoney = 0
Pot = 0
Crack = 0
Materials = 0
Wep1 = 0
Wep2 = 0
Wep3 = 0
Wep4 = 0
Wep5 = 0
SlotRopero1 = 0
SlotRopero2 = 0
SlotRopero3 = 0
SlotRopero4 = 0
SlotRopero5 = 0
SlotRopero6 = 0
SlotRopero7 = 0
SlotRopero8 = 0
SlotRopero9 = 0
SlotRopero10 = 0
Tamano = 0
GInterior = 0
GExteriorX = 0.000000
GExteriorY = 0.000000
GExteriorZ = 0.000000
GExteriorR = 0.000000
Ammo1 = 0
Ammo2 = 0
Ammo3 = 0
Ammo4 = 0
Ammo5 = 0
