[HouseData]
Venta = 0
Nivel = 3
Interior = 1
CInterior = 1
CExterior = 0
Owner = Nobody
ExteriorX = 2652.789306
ExteriorY = -1989.752685
ExteriorZ = 13.998847
ExteriorR = 0.000000
ExteriorA = 358.889892
InteriorX = -585.854858
InteriorY = 2824.947753
InteriorZ = 52.607810
InteriorR = 0.000000
InteriorA = 0.459701
Seguro = 1
Renta = 0
RentaPrecio = 0
Precio = 45000
SafeMoney = 0
Pot = 0
Crack = 0
Materials = 0
Wep1 = 0
Wep2 = 0
Wep3 = 0
Wep4 = 0
Wep5 = 0
Direccion = Willowfield
FCount = 12
FModel0 = 2090
FModel1 = 2008
FModel2 = 2284
FModel3 = 2290
FModel4 = 0
FModel5 = 2290
FModel6 = 1713
FModel7 = 1502
FModel8 = 1502
FModel9 = 2499
FModel10 = 2296
FModel11 = 630
FModel12 = 1754
FPosX0 = 0.000000
FPosY0 = 0.000000
FPosZ0 = 0.000000
FRotX0 = 0.000000
FRotY0 = 0.000000
FRotZ0 = 0.000000
FPosX1 = 929.818847
FPosY1 = -935.649475
FPosZ1 = 43.935695
FRotX1 = 0.000000
FRotY1 = 0.000000
FRotZ1 = 3.699999
FPosX2 = -582.072998
FPosY2 = 2829.968750
FPosZ2 = 53.017807
FRotX2 = 0.000000
FRotY2 = 0.000000
FRotZ2 = -89.399917
FPosX3 = -587.212829
FPosY3 = 2828.738769
FPosZ3 = 51.717811
FRotX3 = 0.000000
FRotY3 = 0.000000
FRotZ3 = 95.600013
FPosX4 = 0.000000
FPosY4 = 0.000000
FPosZ4 = 0.000000
FRotX4 = 0.000000
FRotY4 = 0.000000
FRotZ4 = 0.000000
FPosX5 = 0.000000
FPosY5 = 0.000000
FPosZ5 = 0.000000
FRotX5 = 0.000000
FRotY5 = 0.000000
FRotZ5 = 0.000000
FPosX6 = 0.000000
FPosY6 = 0.000000
FPosZ6 = 0.000000
FRotX6 = 0.000000
FRotY6 = 0.000000
FRotZ6 = 0.000000
FPosX7 = 0.000000
FPosY7 = 0.000000
FPosZ7 = 0.000000
FRotX7 = 0.000000
FRotY7 = 0.000000
FRotZ7 = 0.000000
FPosX8 = 0.000000
FPosY8 = 0.000000
FPosZ8 = 0.000000
FRotX8 = 0.000000
FRotY8 = 0.000000
FRotZ8 = 0.000000
FPosX9 = -587.732055
FPosY9 = 2828.881835
FPosZ9 = 53.282447
FRotX9 = -28.399999
FRotY9 = -0.599999
FRotZ9 = 89.100013
FPosX10 = -581.609619
FPosY10 = 2828.995117
FPosZ10 = 53.477813
FRotX10 = 0.000000
FRotY10 = 0.000000
FRotZ10 = -93.800018
FPosX11 = -575.825500
FPosY11 = 2826.737304
FPosZ11 = 52.127826
FRotX11 = 0.000000
FRotY11 = 0.000000
FRotZ11 = 0.000000
FPosX12 = -578.348205
FPosY12 = 2827.021728
FPosZ12 = 52.107826
FRotX12 = 0.000000
FRotY12 = 0.000000
FRotZ12 = 179.699966
SlotRopero1 = 19
SlotRopero2 = 0
SlotRopero3 = 0
SlotRopero4 = 0
SlotRopero5 = 0
SlotRopero6 = 0
SlotRopero7 = 0
SlotRopero8 = 0
SlotRopero9 = 0
SlotRopero10 = 0
Tamano = 0
GInterior = 0
GExteriorX = 0.000000
GExteriorY = 0.000000
GExteriorZ = 0.000000
GExteriorR = 0.000000
Ammo1 = 0
Ammo2 = 0
Ammo3 = 0
Ammo4 = 0
Ammo5 = 0
