[HouseData]
Venta = 0
Nivel = 3
Interior = 0
CInterior = 0
CExterior = 0
Owner = Nobody
ExteriorX = 1974.835937
ExteriorY = -1671.192016
ExteriorZ = 15.968750
ExteriorR = 0.000000
ExteriorA = 8.356230
InteriorX = -450.046142
InteriorY = 2800.926269
InteriorZ = 69.400001
InteriorR = 0.000000
InteriorA = 287.871063
Seguro = 1
Renta = 0
RentaPrecio = 0
Precio = 25000
SafeMoney = 0
Pot = 0
Crack = 0
Materials = 0
Wep1 = 0
Wep2 = 0
Wep3 = 0
Wep4 = 0
Wep5 = 0
FCount = 14
FModel0 = 14532
FModel1 = 2571
FModel2 = 1753
FModel3 = 14720
FModel4 = 0
FModel5 = 2229
FModel6 = 19402
FPosX0 = -444.673889
FPosY0 = 2796.536376
FPosZ0 = 69.400001
FRotX0 = 0.000000
FRotY0 = 0.000000
FRotZ0 = 0.000000
FPosX2 = -444.246032
FPosY2 = 2801.437255
FPosZ2 = 68.402107
FRotX2 = -0.399999
FRotY2 = 0.000000
FRotZ2 = -85.399978
FPosX1 = -449.990447
FPosY1 = 2801.388427
FPosZ1 = 68.400016
FRotX1 = 0.000000
FRotY1 = 0.000000
FRotZ1 = 0.000000
FPosX3 = -449.867492
FPosY3 = 2797.708740
FPosZ3 = 68.460014
FRotX3 = 0.000000
FRotY3 = 0.000000
FRotZ3 = 0.000000
FPosX4 = 0.000000
FPosY4 = 0.000000
FPosZ4 = 0.000000
FRotX4 = 0.000000
FRotY4 = 0.000000
FRotZ4 = 0.000000
FPosX5 = -443.668823
FPosY5 = 2803.085449
FPosZ5 = 71.030021
FRotX5 = 0.000000
FRotY5 = 0.000000
FRotZ5 = 0.000000
FPosX6 = -450.339813
FPosY6 = 2798.279541
FPosZ6 = 70.089988
FRotX6 = 0.000000
FRotY6 = 0.000000
FRotZ6 = 0.000000
FModel7 = 2025
FModel8 = 630
FPosX7 = -443.885009
FPosY7 = 2798.629394
FPosZ7 = 68.536949
FRotX7 = 0.100000
FRotY7 = 0.199999
FRotZ7 = -86.299964
FModel9 = 1809
FModel10 = 2229
FPosX8 = -450.049102
FPosY8 = 2799.374755
FPosZ8 = 69.440025
FRotX8 = 0.000000
FRotY8 = 0.000000
FRotZ8 = 0.000000
FPosX9 = -448.542083
FPosY9 = 2802.281005
FPosZ9 = 68.870025
FRotX9 = 0.000000
FRotY9 = 0.000000
FRotZ9 = 0.000000
FPosX10 = -449.778961
FPosY10 = 2803.085449
FPosZ10 = 70.929977
FRotX10 = 0.000000
FRotY10 = 0.000000
FRotZ10 = 0.000000
FModel11 = 2705
FModel12 = 0
FModel13 = 2026
FModel14 = 2608
FPosX12 = 0.000000
FPosY12 = 0.000000
FPosZ12 = 0.000000
FRotX12 = 0.000000
FRotY12 = 0.000000
FRotZ12 = 0.000000
FPosX13 = -447.995452
FPosY13 = 2799.846435
FPosZ13 = 72.389953
FRotX13 = 0.000000
FRotY13 = 0.000000
FRotZ13 = 0.000000
FPosX11 = -444.352813
FPosY11 = 2798.240722
FPosZ11 = 70.220016
FRotX11 = 0.000000
FRotY11 = 0.000000
FRotZ11 = -80.000000
FPosX14 = -445.061218
FPosY14 = 2802.327636
FPosZ14 = 69.159996
FRotX14 = 0.000000
FRotY14 = 0.000000
FRotZ14 = 0.000000
Direccion = Idlewood
SlotRopero1 = 59
SlotRopero2 = 0
SlotRopero3 = 0
SlotRopero4 = 0
SlotRopero5 = 0
SlotRopero6 = 0
SlotRopero7 = 0
SlotRopero8 = 0
SlotRopero9 = 0
SlotRopero10 = 0
Tamano = 0
GInterior = 0
GExteriorX = 0.000000
GExteriorY = 0.000000
GExteriorZ = 0.000000
GExteriorR = 0.000000
Ammo1 = 0
Ammo2 = 0
Ammo3 = 0
Ammo4 = 0
Ammo5 = 0
