[HouseData]
Venta = 0
Nivel = 3
Interior = 1
CInterior = 0
CExterior = 0
Owner = Nobody
ExteriorX = 1973.410400
ExteriorY = -1654.669921
ExteriorZ = 15.968750
ExteriorR = 0.000000
ExteriorA = 353.919494
InteriorX = -586.017883
InteriorY = 2824.640869
InteriorZ = 52.607810
InteriorR = 0.000000
InteriorA = 354.298095
Seguro = 1
Renta = 1
RentaPrecio = 200
Precio = 25000
SafeMoney = 0
Pot = 0
Crack = 0
Materials = 0
Wep1 = 0
Wep2 = 0
Wep3 = 0
Wep4 = 0
Wep5 = 0
FCount = 19
FModel0 = 2617
FModel1 = 2288
FModel2 = 2118
FModel3 = 2026
FModel4 = 2522
FModel5 = 2525
FModel6 = 14720
FModel7 = 2822
FModel8 = 2820
FModel9 = 2689
FModel10 = 2090
FPosX0 = -585.837768
FPosY0 = 2830.170166
FPosZ0 = 52.237850
FRotX0 = 0.000000
FRotY0 = 0.000000
FRotZ0 = 0.000000
FPosX1 = -587.224426
FPosY1 = 2828.985595
FPosZ1 = 53.162246
FRotX1 = 1.499999
FRotY1 = 0.599999
FRotZ1 = 88.699966
FPosX2 = -585.191040
FPosY2 = 2827.932861
FPosZ2 = 51.607788
FRotX2 = 0.000000
FRotY2 = 0.000000
FRotZ2 = 0.000000
FPosX3 = -584.865539
FPosY3 = 2828.349365
FPosZ3 = 54.607810
FRotX3 = 0.000000
FRotY3 = 0.000000
FRotZ3 = 0.000000
FPosX4 = -591.871704
FPosY4 = 2827.541503
FPosZ4 = 51.627815
FRotX4 = 0.000000
FRotY4 = 0.000000
FRotZ4 = 0.000000
FPosX5 = -591.883056
FPosY5 = 2824.970947
FPosZ5 = 51.620018
FRotX5 = 0.000000
FRotY5 = 0.000000
FRotZ5 = 90.899993
FPosX6 = -592.325256
FPosY6 = 2829.682617
FPosZ6 = 51.440029
FRotX6 = 0.000000
FRotY6 = 0.000000
FRotZ6 = 0.000000
FPosX7 = -588.311096
FPosY7 = 2828.661376
FPosZ7 = 52.437786
FRotX7 = 0.000000
FRotY7 = 0.000000
FRotZ7 = 0.000000
FPosX8 = -592.483459
FPosY8 = 2830.625732
FPosZ8 = 52.447814
FRotX8 = 0.000000
FRotY8 = 0.000000
FRotZ8 = 0.000000
FPosX9 = -574.869750
FPosY9 = 2827.382812
FPosZ9 = 53.754421
FRotX9 = 2.500001
FRotY9 = -1.000000
FRotZ9 = -84.899978
FPosX10 = -578.393676
FPosY10 = 2826.013671
FPosZ10 = 51.537826
FRotX10 = 0.000000
FRotY10 = 0.000000
FRotZ10 = 0.000000
Direccion = Idlewood
FModel11 = 1707
FModel12 = 2232
FModel13 = 2232
FModel14 = 2101
FModel15 = 2229
FModel16 = 2229
FModel17 = 2232
FModel18 = 19319
FPosX18 = -588.620849
FPosY18 = 2827.158203
FPosZ18 = 52.599998
FRotX18 = 0.000000
FRotY18 = 0.000000
FRotZ18 = 0.000000
FPosX17 = -575.130371
FPosY17 = 2824.686767
FPosZ17 = 51.924999
FRotX17 = -0.100002
FRotY17 = -90.899955
FRotZ17 = -89.400032
FPosX16 = -587.366882
FPosY16 = 2823.538085
FPosZ16 = 52.599998
FRotX16 = 0.000000
FRotY16 = 0.000000
FRotZ16 = 0.000000
FPosX15 = -574.924987
FPosY15 = 2824.373291
FPosZ15 = 52.368026
FRotX15 = -0.899999
FRotY15 = -1.899998
FRotZ15 = -93.599983
FPosX14 = -575.013793
FPosY14 = 2825.869140
FPosZ14 = 51.601467
FRotX14 = -1.300001
FRotY14 = 3.899999
FRotZ14 = -88.299942
FPosX13 = -575.114807
FPosY13 = 2827.061035
FPosZ13 = 51.956783
FRotX13 = 0.000000
FRotY13 = 91.099952
FRotZ13 = -86.899955
FPosX12 = -575.102416
FPosY12 = 2827.043701
FPosZ12 = 52.575279
FRotX12 = -0.500000
FRotY12 = -90.599967
FRotZ12 = -88.399986
FPosX11 = -580.072143
FPosY11 = 2824.343994
FPosZ11 = 51.528331
FRotX11 = -3.000000
FRotY11 = 0.699999
FRotZ11 = 95.000015
SlotRopero1 = 0
SlotRopero2 = 0
SlotRopero3 = 0
SlotRopero4 = 0
SlotRopero5 = 0
SlotRopero6 = 0
SlotRopero7 = 0
SlotRopero8 = 0
SlotRopero9 = 0
SlotRopero10 = 0
Tamano = 0
GInterior = 0
GExteriorX = 0.000000
GExteriorY = 0.000000
GExteriorZ = 0.000000
GExteriorR = 0.000000
Ammo1 = 0
Ammo2 = 0
Ammo3 = 0
Ammo4 = 0
Ammo5 = 0
