[HouseData]
Venta = 0
Nivel = 3
Interior = 0
CInterior = 0
CExterior = 0
Owner = Nobody
ExteriorX = 2168.926025
ExteriorY = -1815.226196
ExteriorZ = 13.546875
ExteriorR = 0.000000
ExteriorA = 184.017608
InteriorX = -501.825164
InteriorY = 2811.056396
InteriorZ = 69.300003
InteriorR = 0.000000
InteriorA = 271.310852
Seguro = 1
Renta = 0
RentaPrecio = 0
Precio = 25000
SafeMoney = 0
Pot = 0
Crack = 0
Materials = 0
Wep1 = 0
Wep2 = 0
Wep3 = 0
Wep4 = 0
Wep5 = 0
Direccion = 
SlotRopero1 = 29
SlotRopero2 = 27
SlotRopero3 = 6
SlotRopero4 = 0
SlotRopero5 = 0
SlotRopero6 = 0
SlotRopero7 = 0
SlotRopero8 = 0
SlotRopero9 = 0
SlotRopero10 = 0
FCount = 9
FModel0 = 1725
FModel1 = 2266
FModel2 = 19173
FPosX0 = -498.474975
FPosY0 = 2811.734375
FPosZ0 = 68.289955
FRotX0 = 0.000000
FRotY0 = 0.000000
FRotZ0 = 0.000000
FPosX1 = -494.752319
FPosY1 = 2811.576660
FPosZ1 = 70.802444
FRotX1 = 1.599997
FRotY1 = 0.600011
FRotZ1 = -93.599990
FPosX2 = -496.758300
FPosY2 = 2808.432128
FPosZ2 = 70.979995
FRotX2 = 0.000000
FRotY2 = 0.000000
FRotZ2 = 0.000000
FModel3 = 1518
FPosX3 = -501.965942
FPosY3 = 2808.915771
FPosZ3 = 68.647956
FRotX3 = -0.400001
FRotY3 = -0.500000
FRotZ3 = 88.099998
FModel4 = 1764
FModel5 = 2269
FModel6 = 2167
FModel7 = 0
FPosX4 = -498.091369
FPosY4 = 2808.956542
FPosZ4 = 68.259994
FRotX4 = 0.000000
FRotY4 = 0.000000
FRotZ4 = -178.299957
FPosX5 = -499.850555
FPosY5 = 2808.965576
FPosZ5 = 69.920013
FRotX5 = 0.000000
FRotY5 = 0.000000
FRotZ5 = 177.999954
FPosX6 = -501.224243
FPosY6 = 2814.274658
FPosZ6 = 68.379981
FRotX6 = 0.000000
FRotY6 = 0.000000
FRotZ6 = 45.399955
FPosX7 = 0.000000
FPosY7 = 0.000000
FPosZ7 = 0.000000
FRotX7 = 0.000000
FRotY7 = 0.000000
FRotZ7 = 0.000000
FModel8 = 1961
FModel9 = 1734
FModel10 = 0
FPosX8 = -502.232238
FPosY8 = 2809.414794
FPosZ8 = 70.079994
FRotX8 = 0.000000
FRotY8 = 0.000000
FRotZ8 = -86.799995
FPosX9 = -496.969207
FPosY9 = 2810.710449
FPosZ9 = 72.300003
FRotX9 = 0.000000
FRotY9 = 0.000000
FRotZ9 = 0.000000
FPosX10 = 0.000000
FPosY10 = 0.000000
FPosZ10 = 0.000000
FRotX10 = 0.000000
FRotY10 = 0.000000
FRotZ10 = 0.000000
Tamano = 0
GInterior = 0
GExteriorX = 0.000000
GExteriorY = 0.000000
GExteriorZ = 0.000000
GExteriorR = 0.000000
Ammo1 = 0
Ammo2 = 0
Ammo3 = 0
Ammo4 = 0
Ammo5 = 0
