[HouseData]
Venta = 0
Nivel = 2
Interior = 1
CInterior = 0
CExterior = 0
Owner = Ryan_Kurupt
ExteriorX = 2186.473632
ExteriorY = -997.366638
ExteriorZ = 66.468750
ExteriorR = 0.000000
ExteriorA = 349.861236
InteriorX = -585.580627
InteriorY = 2824.688232
InteriorZ = 52.607810
InteriorR = 0.000000
InteriorA = 0.924925
Seguro = 1
Renta = 0
RentaPrecio = 0
Precio = 56000
SafeMoney = 0
Pot = 0
Crack = 0
Materials = 0
Wep1 = 28
Wep2 = 25
Wep3 = 0
Wep4 = 0
Wep5 = 0
Direccion = Las Colinas
SlotRopero1 = 0
SlotRopero2 = 0
SlotRopero3 = 0
SlotRopero4 = 0
SlotRopero5 = 0
SlotRopero6 = 0
SlotRopero7 = 0
SlotRopero8 = 0
SlotRopero9 = 0
SlotRopero10 = 0
FCount = 2
FModel0 = 1793
FModel1 = 19319
FPosX0 = -577.676940
FPosY0 = 2822.813232
FPosZ0 = 51.207904
FRotX0 = 0.000000
FRotY0 = 0.000000
FRotZ0 = 20.900026
FPosX1 = -579.163391
FPosY1 = 2829.305664
FPosZ1 = 52.186466
FRotX1 = -33.100028
FRotY1 = 1.500000
FRotZ1 = -2.599999
Tamano = 0
GInterior = 0
GExteriorX = 0.000000
GExteriorY = 0.000000
GExteriorZ = 0.000000
GExteriorR = 0.000000
Ammo1 = 0
Ammo2 = 0
Ammo3 = 0
Ammo4 = 0
Ammo5 = 0
