[HouseData]
Venta = 0
Nivel = 5
Interior = 1
CInterior = 0
CExterior = 0
Owner = Nobody
Direccion = Playa del Seville
ExteriorX = 2751.500976
ExteriorY = -1936.336059
ExteriorZ = 13.539361
ExteriorR = 0.000000
ExteriorA = 87.299263
InteriorX = -585.839355
InteriorY = 2824.636230
InteriorZ = 52.607810
InteriorR = 0.000000
InteriorA = 177.395095
Seguro = 1
Renta = 0
RentaPrecio = 0
Precio = 54000
SafeMoney = 0
Pot = 0
Crack = 0
Materials = 0
Wep1 = 0
Wep2 = 0
Wep3 = 0
Wep4 = 0
Wep5 = 0
FCount = 16
FModel0 = 1494
FModel1 = 2167
FModel2 = 2100
FModel3 = 2121
FModel4 = 2121
FModel5 = 2121
FModel6 = 2121
FModel7 = 2110
FModel8 = 1753
FModel9 = 1754
FModel10 = 1754
FModel11 = 19367
FPosX1 = -576.703430
FPosY1 = 2823.389160
FPosZ1 = 51.587802
FRotX1 = 0.000000
FRotY1 = 0.000000
FRotZ1 = -179.899948
FPosX0 = -581.255859
FPosY0 = 2826.646484
FPosZ0 = 51.637798
FRotX0 = 0.000000
FRotY0 = 0.000000
FRotZ0 = 87.400001
FPosX2 = -588.925292
FPosY2 = 2827.800292
FPosZ2 = 51.627803
FRotX2 = 0.000000
FRotY2 = 0.000000
FRotZ2 = 11.999998
FPosX3 = -584.351318
FPosY3 = 2830.385742
FPosZ3 = 52.060020
FRotX3 = 0.000000
FRotY3 = 0.000000
FRotZ3 = 0.000000
FPosX4 = -586.473815
FPosY4 = 2828.884277
FPosZ4 = 52.107810
FRotX4 = 0.000000
FRotY4 = 0.000000
FRotZ4 = 89.999931
FPosX5 = -582.624633
FPosY5 = 2829.426513
FPosZ5 = 52.097827
FRotX5 = 0.000000
FRotY5 = 0.000000
FRotZ5 = -51.199993
FPosX6 = -584.781921
FPosY6 = 2827.651123
FPosZ6 = 52.077857
FRotX6 = 0.000000
FRotY6 = 0.000000
FRotZ6 = 130.399993
FPosX7 = -584.912170
FPosY7 = 2828.824218
FPosZ7 = 51.580005
FRotX7 = 0.000000
FRotY7 = 0.000000
FRotZ7 = 0.000000
FPosX8 = -575.290771
FPosY8 = 2827.450683
FPosZ8 = 51.697818
FRotX8 = 0.000000
FRotY8 = 0.000000
FRotZ8 = -90.499984
FPosX10 = -578.829650
FPosY10 = 2827.340087
FPosZ10 = 51.630016
FRotX10 = 0.000000
FRotY10 = 0.000000
FRotZ10 = 54.900024
FPosX9 = -578.698364
FPosY9 = 2825.273681
FPosZ9 = 51.620021
FRotX9 = 0.000000
FRotY9 = 0.000000
FRotZ9 = 131.699996
FPosX11 = -589.852172
FPosY11 = 2825.927978
FPosZ11 = 52.599998
FRotX11 = 0.000000
FRotY11 = 0.000000
FRotZ11 = 0.000000
FModel12 = 2029
FPosX12 = -576.902282
FPosY12 = 2826.778808
FPosZ12 = 51.777805
FRotX12 = 0.000000
FRotY12 = 0.000000
FRotZ12 = -90.499984
FModel13 = 1494
FModel14 = 2872
FModel15 = 918
SlotRopero1 = 0
SlotRopero2 = 0
SlotRopero3 = 0
SlotRopero4 = 0
SlotRopero5 = 0
SlotRopero6 = 0
SlotRopero7 = 0
SlotRopero8 = 0
SlotRopero9 = 0
SlotRopero10 = 0
Tamano = 0
GInterior = 0
GExteriorX = 0.000000
GExteriorY = 0.000000
GExteriorZ = 0.000000
GExteriorR = 0.000000
Ammo1 = 0
Ammo2 = 0
Ammo3 = 0
Ammo4 = 0
Ammo5 = 0
