[HouseData]
Venta = 0
Nivel = 8
Interior = 0
CInterior = 0
CExterior = 0
Owner = Nobody
ExteriorX = 416.704559
ExteriorY = -1154.079589
ExteriorZ = 76.687614
ExteriorR = 0.000000
ExteriorA = 334.053924
InteriorX = 1531.176269
InteriorY = -999.462280
InteriorZ = -68.302604
InteriorR = 0.000000
InteriorA = 358.395019
Seguro = 1
Renta = 1
RentaPrecio = 100
Precio = 200000
SafeMoney = 0
Pot = 0
Crack = 0
Materials = 0
Wep1 = 0
Wep2 = 0
Wep3 = 0
Wep4 = 0
Wep5 = 0
Direccion = Richman
SlotRopero1 = 0
SlotRopero2 = 0
SlotRopero3 = 0
SlotRopero4 = 0
SlotRopero5 = 0
SlotRopero6 = 0
SlotRopero7 = 0
SlotRopero8 = 0
SlotRopero9 = 0
SlotRopero10 = 0
Tamano = 3
GInterior = 0
GExteriorX = 407.381103
GExteriorY = -1150.958984
GExteriorZ = 76.818809
GExteriorR = 330.139343
Ammo1 = 0
Ammo2 = 0
Ammo3 = 0
Ammo4 = 0
Ammo5 = 0
