[HouseData]
Venta = 0
Nivel = 6
Interior = 0
CInterior = 0
CExterior = 0
Owner = Nobody
ExteriorX = 1242.261352
ExteriorY = -1099.526733
ExteriorZ = 27.976562
ExteriorR = 0.000000
ExteriorA = 85.879051
InteriorX = -561.715881
InteriorY = 2823.186279
InteriorZ = 56.729686
InteriorR = 0.000000
InteriorA = 353.381683
Seguro = 1
Renta = 0
RentaPrecio = 50
Precio = 205000
SafeMoney = 0
Pot = 0
Crack = 0
Materials = 0
Wep1 = 0
Wep2 = 0
Wep3 = 0
Wep4 = 0
Wep5 = 0
FCount = 22
FModel0 = 2299
FModel1 = 2025
FModel2 = 2167
FPosX0 = -554.700866
FPosY0 = 2842.248535
FPosZ0 = 55.722961
FRotX0 = 0.000000
FRotY0 = 0.000000
FRotZ0 = 0.000000
FPosX1 = -554.555236
FPosY1 = 2844.052490
FPosZ1 = 56.732948
FRotX1 = 0.000000
FRotY1 = 0.000000
FRotZ1 = 0.000000
FPosX2 = 0.000000
FPosY2 = 0.000000
FPosZ2 = 0.000000
FRotX2 = 0.000000
FRotY2 = 0.000000
FRotZ2 = 0.000000
FModel3 = 14866
FModel4 = 2029
FModel5 = 2124
FModel6 = 2124
FModel7 = 2124
FModel8 = 2124
FModel9 = 2527
FModel10 = 2524
FModel11 = 2514
FModel12 = 2026
FModel13 = 2071
FModel14 = 2572
FModel15 = 2261
FModel16 = 2071
FPosX3 = 0.000000
FPosY3 = 0.000000
FPosZ3 = 0.000000
FRotX3 = 0.000000
FRotY3 = 0.000000
FRotZ3 = 0.000000
FPosX4 = 0.000000
FPosY4 = 0.000000
FPosZ4 = 0.000000
FRotX4 = 0.000000
FRotY4 = 0.000000
FRotZ4 = 0.000000
FPosX5 = 0.000000
FPosY5 = 0.000000
FPosZ5 = 0.000000
FRotX5 = 0.000000
FRotY5 = 0.000000
FRotZ5 = 0.000000
FPosX6 = 0.000000
FPosY6 = 0.000000
FPosZ6 = 0.000000
FRotX6 = 0.000000
FRotY6 = 0.000000
FRotZ6 = 0.000000
FPosX7 = 0.0000Direccion = 
Direccion = Temple
SlotRopero1 = 0
SlotRopero2 = 0
SlotRopero3 = 0
SlotRopero4 = 0
SlotRopero5 = 0
SlotRopero6 = 0
SlotRopero7 = 0
SlotRopero8 = 0
SlotRopero9 = 0
SlotRopero10 = 0
Tamano = 2
GInterior = 0
GExteriorX = 1245.255493
GExteriorY = -1107.851684
GExteriorZ = 25.592912
GExteriorR = 87.453010
Ammo1 = 0
Ammo2 = 0
Ammo3 = 0
Ammo4 = 0
Ammo5 = 0
