[HouseData]
Venta = 0
Nivel = 2
Interior = 1
CInterior = 0
CExterior = 0
Owner = Nobody
ExteriorX = 1934.117675
ExteriorY = -1071.130737
ExteriorZ = 24.415653
ExteriorR = 0.000000
ExteriorA = 268.657867
InteriorX = -585.860107
InteriorY = 2824.697021
InteriorZ = 52.607810
InteriorR = 0.000000
InteriorA = 328.049377
Seguro = 1
Renta = 0
RentaPrecio = 0
Precio = 45000
SafeMoney = 0
Pot = 0
Crack = 0
Materials = 0
Wep1 = 0
Wep2 = 0
Wep3 = 0
Wep4 = 0
Wep5 = 0
Direccion = 
FCount = 6
FModel0 = 2523
FModel1 = 2514
FModel2 = 1745
FModel3 = 2141
FModel4 = 1703
FModel5 = 1502
FPosX0 = -591.795532
FPosY0 = 2827.521728
FPosZ0 = 51.639999
FRotX0 = 0.000000
FRotY0 = 0.000000
FRotZ0 = 0.000000
FPosX1 = -590.292968
FPosY1 = 2827.301025
FPosZ1 = 51.607833
FRotX1 = 0.000000
FRotY1 = 0.000000
FRotZ1 = 0.000000
FPosX2 = -578.627075
FPosY2 = 2825.922851
FPosZ2 = 51.507843
FRotX2 = 0.000000
FRotY2 = 0.000000
FRotZ2 = -87.599998
FPosX3 = -592.128540
FPosY3 = 2831.083251
FPosZ3 = 51.560005
FRotX3 = 0.000000
FRotY3 = 0.000000
FRotZ3 = 0.000000
FPosX4 = -585.706909
FPosY4 = 2831.147460
FPosZ4 = 51.550014
FRotX4 = 0.000000
FRotY4 = 0.000000
FRotZ4 = 0.000000
FPosX5 = -589.892028
FPosY5 = 2824.491210
FPosZ5 = 51.593833
FRotX5 = -0.899999
FRotY5 = 0.600000
FRotZ5 = 87.900001
SlotRopero1 = 0
SlotRopero2 = 0
SlotRopero3 = 0
SlotRopero4 = 0
SlotRopero5 = 0
SlotRopero6 = 0
SlotRopero7 = 0
SlotRopero8 = 0
SlotRopero9 = 0
SlotRopero10 = 0
Tamano = 0
GInterior = 0
GExteriorX = 0.000000
GExteriorY = 0.000000
GExteriorZ = 0.000000
GExteriorR = 0.000000
Ammo1 = 0
Ammo2 = 0
Ammo3 = 0
Ammo4 = 0
Ammo5 = 0
