[HouseData]
Venta = 0
Nivel = 3
Interior = 1
CInterior = 0
CExterior = 0
Owner = Nobody
ExteriorX = 2016.544799
ExteriorY = -1641.653686
ExteriorZ = 14.112877
ExteriorR = 0.000000
ExteriorA = 267.892700
InteriorX = -441.481475
InteriorY = 2772.030761
InteriorZ = 70.429687
InteriorR = 0.000000
InteriorA = 355.212097
Seguro = 1
Renta = 0
RentaPrecio = 0
Precio = 48000
SafeMoney = 0
Pot = 0
Crack = 0
Materials = 0
Wep1 = 0
Wep2 = 0
Wep3 = 0
Wep4 = 0
Wep5 = 0
FCount = 14
FModel0 = 14491
FModel1 = 1712
FModel2 = 1710
FModel3 = 1712
FModel4 = 2357
FModel5 = 1491
FModel6 = 14720
FModel7 = 2528
FModel8 = 2517
FModel9 = 2523
FModel10 = 2299
FModel11 = 2596
FModel12 = 1502
FModel13 = 19388
FPosX0 = -439.333862
FPosY0 = 2777.009521
FPosZ0 = 70.809684
FRotX0 = 0.000000
FRotY0 = 0.000000
FRotZ0 = 0.000000
FPosX1 = -438.368927
FPosY1 = 2772.302246
FPosZ1 = 69.399681
FRotX1 = 0.000000
FRotY1 = 0.000000
FRotZ1 = -179.100082
FPosX2 = -436.636840
FPosY2 = 2776.856201
FPosZ2 = 69.429725
FRotX2 = 0.000000
FRotY2 = 0.000000
FRotZ2 = -90.399978
FPosX3 = -439.061401
FPosY3 = 2778.475097
FPosZ3 = 69.459655
FRotX3 = 0.000000
FRotY3 = 0.000000
FRotZ3 = 0.000000
FPosX4 = -438.701721
FPosY4 = 2775.435791
FPosZ4 = 69.789665
FRotX4 = 0.000000
FRotY4 = 0.000000
FRotZ4 = -89.199989
FPosX5 = -441.746185
FPosY5 = 2778.968994
FPosZ5 = 69.399642
FRotX5 = 0.000000
FRotY5 = 0.000000
FRotZ5 = 0.000000
FPosX6 = -437.252044
FPosY6 = 2783.701171
FPosZ6 = 69.387107
FRotX6 = 0.000000
FRotY6 = 0.000000
FRotZ6 = 178.999984
FPosX7 = -447.199218
FPosY7 = 2784.097900
FPosZ7 = 69.419692
FRotX7 = 0.000000
FRotY7 = 0.000000
FRotZ7 = 0.000000
FPosX8 = -450.757812
FPosY8 = 2784.087890
FPosZ8 = 69.399696
FRotX8 = 0.000000
FRotY8 = 0.000000
FRotZ8 = -91.299987
FPosX9 = -447.458984
FPosY9 = 2782.021240
FPosZ9 = 69.429664
FRotX9 = 0.000000
FRotY9 = 0.000000
FRotZ9 = -179.500076
FPosX10 = -445.434478
FPosY10 = 2788.504394
FPosZ10 = 69.369697
FRotX10 = 0.000000
FRotY10 = 0.000000
FRotZ10 = 0.000000
FPosX12 = -446.339691
FPosY12 = 2781.814208
FPosZ12 = 69.407104
FRotX12 = 0.000000
FRotY12 = 0.000000
FRotZ12 = 90.099998
FPosX11 = -443.022674
FPosY11 = 2775.567626
FPosZ11 = 71.909675
FRotX11 = 0.000000
FRotY11 = 0.000000
FRotZ11 = 86.799987
FPosX13 = -441.001922
FPosY13 = 2778.981689
FPosZ13 = 71.179695
FRotX13 = 0.000000
FRotY13 = 0.000000
FRotZ13 = -88.700012
FModel14 = 0
FModel15 = 0
FModel16 = 0
FModel17 = 0
FModel18 = 0
FModel19 = 0
FModel20 = 0
FModel21 = 0
FPosX14 = 0.000000
FPosY14 = 0.000000
FPosZ14 = 0.000000
FRotX14 = 0.000000
FRotY14 = 0.000000
FRotZ14 = 0.000000
FPosX15 = 0.000000
FPosY15 = 0.000000
FPosZ15 = 0.000000
FRotX15 = 0.000000
FRotY15 = 0.000000
FRotZ15 = 0.000000
FPosX16 = 0.000000
FPosY16 = 0.000000
FPosZ16 = 0.000000
FRotX16 = 0.000000
FRotY16 = 0.000000
FRotZ16 = 0.000000
FPosX17 = 0.000000
FPosY17 = 0.000000
FPosZ17 = 0.000000
FRotX17 = 0.000000
FRotY17 = 0.000000
FRotZ17 = 0.000000
FPosX18 = 0.000000
FPosY18 = 0.000000
FPosZ18 = 0.000000
FRotX18 = 0.000000
FRotY18 = 0.000000
FRotZ18 = 0.000000
FPosX19 = 0.000000
FPosY19 = 0.000000
FPosZ19 = 0.000000
FRotX19 = 0.000000
FRotY19 = 0.000000
FRotZ19 = 0.000000
FPosX20 = 0.000000
FPosY20 = 0.000000
FPosZ20 = 0.000000
FRotX20 = 0.000000
FRotY20 = 0.000000
FRotZ20 = 0.000000
FPosX21 = 0.000000
FPosY21 = 0.000000
FPosZ21 = 0.000000
FRotX21 = 0.000000
FRotY21 = 0.000000
FRotZ21 = 0.000000
Direccion = Idlewood
SlotRopero1 = 0
SlotRopero2 = 0
SlotRopero3 = 0
SlotRopero4 = 0
SlotRopero5 = 0
SlotRopero6 = 0
SlotRopero7 = 0
SlotRopero8 = 0
SlotRopero9 = 0
SlotRopero10 = 0
Tamano = 0
GInterior = 0
GExteriorX = 0.000000
GExteriorY = 0.000000
GExteriorZ = 0.000000
GExteriorR = 0.000000
Ammo1 = 0
Ammo2 = 0
Ammo3 = 0
Ammo4 = 0
Ammo5 = 0
