[HouseData]
Venta = 0
Nivel = 3
Interior = 0
CInterior = 0
CExterior = 0
Owner = Nobody
ExteriorX = 1978.753540
ExteriorY = -1671.516113
ExteriorZ = 18.545551
ExteriorR = 0.000000
ExteriorA = 263.701965
InteriorX = -585.628967
InteriorY = 2824.642089
InteriorZ = 52.607810
InteriorR = 0.000000
InteriorA = 4.638274
Seguro = 1
Renta = 0
RentaPrecio = 0
Precio = 25000
SafeMoney = 0
Pot = 0
Crack = 0
Materials = 0
Wep1 = 0
Wep2 = 0
Wep3 = 0
Wep4 = 0
Wep5 = 0
FCount = 14
FModel0 = 1745
FModel1 = 1825
FModel2 = 2016
FModel3 = 2528
FModel4 = 2523
FPosX0 = -578.261779
FPosY0 = 2828.473632
FPosZ0 = 51.597812
FRotX0 = 0.000000
FRotY0 = 0.000000
FRotZ0 = -90.699996
FPosX1 = -583.230041
FPosY1 = 2830.219482
FPosZ1 = 51.579998
FRotX1 = 0.000000
FRotY1 = 0.000000
FRotZ1 = 0.000000
FPosX2 = -592.166625
FPosY2 = 2828.671630
FPosZ2 = 51.447811
FRotX2 = 0.000000
FRotY2 = 0.000000
FRotZ2 = 93.200019
FPosX3 = -591.041687
FPosY3 = 2827.516601
FPosZ3 = 51.607830
FRotX3 = 0.000000
FRotY3 = 0.000000
FRotZ3 = 0.000000
FPosX4 = -591.574768
FPosY4 = 2824.751464
FPosZ4 = 51.616527
FRotX4 = 4.899998
FRotY4 = 0.200000
FRotZ4 = -179.399993
FModel5 = 2025
FModel6 = 1491
FModel7 = 2018
FModel8 = 2019
FPosX5 = -575.197814
FPosY5 = 2823.872802
FPosZ5 = 51.580009
FRotX5 = 0.000000
FRotY5 = 0.000000
FRotZ5 = -179.699996
FPosX6 = -581.213073
FPosY6 = 2828.210693
FPosZ6 = 51.606613
FRotX6 = -0.000000
FRotY6 = -0.299999
FRotZ6 = -87.000022
FPosX7 = -592.208007
FPosY7 = 2829.673339
FPosZ7 = 51.452804
FRotX7 = 0.000000
FRotY7 = -0.999999
FRotZ7 = 93.299995
FPosX8 = -592.240539
FPosY8 = 2830.677978
FPosZ8 = 51.469379
FRotX8 = -0.899999
FRotY8 = -1.999999
FRotZ8 = 91.399978
FModel9 = 2822
FModel10 = 2820
FModel11 = 1661
FModel12 = 1491
FPosX9 = -592.374572
FPosY9 = 2828.549560
FPosZ9 = 52.439994
FRotX9 = 0.000000
FRotY9 = 0.000000
FRotZ9 = 0.000000
FPosX10 = -592.376770
FPosY10 = 2829.217285
FPosZ10 = 52.427810
FRotX10 = 0.000000
FRotY10 = 0.000000
FRotZ10 = 0.000000
FPosX11 = -577.998352
FPosY11 = 2826.890136
FPosZ11 = 54.467788
FRotX11 = 0.000000
FRotY11 = 0.000000
FRotZ11 = 0.000000
FPosX12 = -589.928833
FPosY12 = 2826.023681
FPosZ12 = 51.607810
FRotX12 = 0.000000
FRotY12 = 0.000000
FRotZ12 = -91.599990
FModel13 = 2290
FModel14 = 0
FPosX13 = -582.139587
FPosY13 = 2824.879394
FPosZ13 = 51.619991
FRotX13 = 0.000000
FRotY13 = 0.000000
FRotZ13 = -178.600006
FPosX14 = 0.000000
FPosY14 = 0.000000
FPosZ14 = 0.000000
FRotX14 = 0.000000
FRotY14 = 0.000000
FRotZ14 = 0.000000
Direccion = Idlewood
SlotRopero1 = 0
SlotRopero2 = 0
SlotRopero3 = 0
SlotRopero4 = 0
SlotRopero5 = 0
SlotRopero6 = 0
SlotRopero7 = 0
SlotRopero8 = 0
SlotRopero9 = 0
SlotRopero10 = 0
Tamano = 0
GInterior = 0
GExteriorX = 0.000000
GExteriorY = 0.000000
GExteriorZ = 0.000000
GExteriorR = 0.000000
Ammo1 = 0
Ammo2 = 0
Ammo3 = 0
Ammo4 = 0
Ammo5 = 0
