[HouseData]
Venta = 0
Nivel = 8
Interior = 5
CInterior = 1
CExterior = 0
Owner = Nobody
ExteriorX = 1298.350341
ExteriorY = -797.982421
ExteriorZ = 403.986328
ExteriorR = 0.000000
ExteriorA = 288.330078
InteriorX = 1299.069091
InteriorY = -796.697448
InteriorZ = 1084.007812
InteriorR = 0.000000
InteriorA = 80.642723
Seguro = 1
Renta = 1
RentaPrecio = 1000
Precio = 1
SafeMoney = 0
Pot = 0
Crack = 0
Materials = 0
Wep1 = 0
Wep2 = 0
Wep3 = 0
Wep4 = 0
Wep5 = 0
Direccion = Mulholland
SlotRopero1 = 171
SlotRopero2 = 0
SlotRopero3 = 0
SlotRopero4 = 0
SlotRopero5 = 0
SlotRopero6 = 0
SlotRopero7 = 0
SlotRopero8 = 0
SlotRopero9 = 0
SlotRopero10 = 0
FCount = 6
FModel0 = 19390
FModel1 = 19361
FModel2 = 19390
FModel3 = 19361
FModel4 = 2025
FModel5 = 2025
FPosX0 = 1240.340576
FPosY0 = -812.353332
FPosZ0 = 1084.298095
FRotX0 = 0.000000
FRotY0 = 0.000000
FRotZ0 = 0.000000
FPosX2 = 1226.510375
FPosY2 = -814.148437
FPosZ2 = 1084.287475
FRotX2 = 0.000000
FRotY2 = 0.000000
FRotZ2 = 89.900009
FPosX4 = 1226.037841
FPosY4 = -813.764526
FPosZ4 = 1082.546875
FRotX4 = 0.000000
FRotY4 = 0.000000
FRotZ4 = 0.000000
FPosX5 = 1239.934204
FPosY5 = -812.758789
FPosZ5 = 1082.536865
FRotX5 = 0.000000
FRotY5 = 0.000000
FRotZ5 = 90.000038
Tamano = 0
GInterior = 0
GExteriorX = 0.000000
GExteriorY = 0.000000
GExteriorZ = 0.000000
GExteriorR = 0.000000
Ammo1 = 0
Ammo2 = 0
Ammo3 = 0
Ammo4 = 0
Ammo5 = 0
