[HouseData]
Venta = 0
Nivel = 8
Interior = 0
CInterior = 0
CExterior = 0
Owner = Nobody
ExteriorX = 1241.945312
ExteriorY = -1076.674804
ExteriorZ = 31.554687
ExteriorR = 0.000000
ExteriorA = 89.392379
InteriorX = -561.715881
InteriorY = 2823.186279
InteriorZ = 56.729686
InteriorR = 0.000000
InteriorA = 353.381683
Seguro = 1
Renta = 0
RentaPrecio = 0
Precio = 205000
SafeMoney = 0
Pot = 0
Crack = 0
Materials = 0
Wep1 = 0
Wep2 = 0
Wep3 = 0
Wep4 = 0
Wep5 = 0
Direccion = Temple
FCount = 7
FModel0 = 2090
FModel1 = 2008
FModel2 = 1802
FModel3 = 0
FModel4 = 0
FModel5 = 0
FModel6 = 0
FModel7 = 0
FModel8 = 0
FModel9 = 0
FModel10 = 0
FModel11 = 19366
FModel12 = 19366
FModel13 = 2499
FModel14 = 0
FModel15 = 1502
FModel16 = 0
FPosX0 = -555.589660
FPosY0 = 2827.631835
FPosZ0 = 55.729721
FRotX0 = 0.000000
FRotY0 = 0.000000
FRotZ0 = 0.000000
FPosX1 = -558.531433
FPosY1 = 2845.470703
FPosZ1 = 55.712966
FRotX1 = 0.000000
FRotY1 = 0.000000
FRotZ1 = 0.000000
FPosX2 = -568.698852
FPosY2 = 2827.303466
FPosZ2 = 55.687015
FRotX2 = 0.000000
FRotY2 = 0.000000
FRotZ2 = 0.000000
FPosX3 = 0.000000
FPosY3 = 0.000000
FPosZ3 = 0.000000
FRotX3 = 0.000000
FRotY3 = 0.000000
FRotZ3 = 0.000000
FPosX4 = 0.000000
FPosY4 = 0.000000
FPosZ4 = 0.000000
FRotX4 = 0.000000
FRotY4 = 0.000000
FRotZ4 = 0.000000
FPosX5 = 0.000000
FPosY5 = 0.000000
FPosZ5 = 0.000000
FRotX5 = 0.000000
FRotY5 = 0.000000
FRotZ5 = 0.000000
FPosX6 = 0.000000
FPosY6 = 0.000000
FPosZ6 = 0.000000
FRotX6 = 0.000000
FRotY6 = 0.000000
FRotZ6 = 0.000000
FPosX7 = 0.000000
FPosY7 = 0.000000
FPosZ7 = 0.000000
FRotX7 = 0.000000
FRotY7 = 0.000000
FRotZ7 = 0.000000
FPosX8 = 0.000000
FPosY8 = 0.000000
FPosZ8 = 0.000000
FRotX8 = 0.000000
FRotY8 = 0.000000
FRotZ8 = 0.000000
FPosX9 = 0.000000
FPosY9 = 0.000000
FPosZ9 = 0.000000
FRotX9 = 0.000000
FRotY9 = 0.000000
FRotZ9 = 0.000000
FPosX10 = 0.000000
FPosY10 = 0.000000
FPosZ10 = 0.000000
FRotX10 = 0.000000
FRotY10 = 0.000000
FRotZ10 = 0.000000
FPosX11 = -555.094848
FPosY11 = 2835.416015
FPosZ11 = 57.386531
FRotX11 = 0.000006
FRotY11 = -0.499998
FRotZ11 = -90.200111
FPosX12 = 0.000000
FPosY12 = 0.000000
FPosZ12 = 0.000000
FRotX12 = 0.000000
FRotY12 = 0.000000
FRotZ12 = 0.000000
FPosX13 = -563.725708
FPosY13 = 2829.653076
FPosZ13 = 57.555061
FRotX13 = -26.999990
FRotY13 = -18.900003
FRotZ13 = 83.499870
FPosX14 = 0.000000
FPosY14 = 0.000000
FPosZ14 = 0.000000
FRotX14 = 0.000000
FRotY14 = 0.000000
FRotZ14 = 0.000000
FPosX15 = -563.848937
FPosY15 = 2827.767333
FPosZ15 = 55.657722
FRotX15 = -0.299998
FRotY15 = -0.600003
FRotZ15 = -91.899925
FPosX16 = 0.000000
FPosY16 = 0.000000
FPosZ16 = 0.000000
FRotX16 = 0.000000
FRotY16 = 0.000000
FRotZ16 = 0.000000
SlotRopero1 = 59
SlotRopero2 = 120
SlotRopero3 = 59
SlotRopero4 = 0
SlotRopero5 = 0
SlotRopero6 = 0
SlotRopero7 = 0
SlotRopero8 = 0
SlotRopero9 = 0
SlotRopero10 = 0
Tamano = 2
GInterior = 0
GExteriorX = 1245.602172
GExteriorY = -1067.733398
GExteriorZ = 29.172338
GExteriorR = 94.219200
Ammo1 = 0
Ammo2 = 0
Ammo3 = 0
Ammo4 = 0
Ammo5 = 0
