[HouseData]
Venta = 0
Nivel = 1
Interior = 2
CInterior = 0
CExterior = 0
Owner = Nobody
ExteriorX = -418.962677
ExteriorY = -1759.248535
ExteriorZ = 6.218750
ExteriorR = 0.000000
ExteriorA = 42.241847
InteriorX = 266.499389
InteriorY = 305.000915
InteriorZ = 999.148437
InteriorR = 0.000000
InteriorA = 91.082534
Seguro = 1
Renta = 1
RentaPrecio = 100
Precio = 80000
SafeMoney = 0
Pot = 0
Crack = 0
Materials = 0
Wep1 = 0
Wep2 = 0
Wep3 = 0
Wep4 = 0
Wep5 = 0
Direccion = Flint County
SlotRopero1 = 0
SlotRopero2 = 0
SlotRopero3 = 0
SlotRopero4 = 0
SlotRopero5 = 0
SlotRopero6 = 0
SlotRopero7 = 0
SlotRopero8 = 0
SlotRopero9 = 0
SlotRopero10 = 0
Tamano = 0
GInterior = 0
GExteriorX = 0.000000
GExteriorY = 0.000000
GExteriorZ = 0.000000
GExteriorR = 0.000000
Ammo1 = 0
Ammo2 = 0
Ammo3 = 0
Ammo4 = 0
Ammo5 = 0
