[HouseData]
Venta = 0
Nivel = 8
Interior = 0
CInterior = 0
CExterior = 0
Owner = Nobody
ExteriorX = 1183.420410
ExteriorY = -1098.755126
ExteriorZ = 28.257812
ExteriorR = 0.000000
ExteriorA = 268.330902
InteriorX = -561.715881
InteriorY = 2823.186279
InteriorZ = 56.729686
InteriorR = 0.000000
InteriorA = 353.381683
Seguro = 1
Renta = 1
RentaPrecio = 2000
Precio = 205000
SafeMoney = 0
Pot = 0
Crack = 0
Materials = 0
Wep1 = 0
Wep2 = 0
Wep3 = 0
Wep4 = 0
Wep5 = 0
Direccion = Temple
FCount = 4
FModel0 = 0
FModel1 = 2026
FPosX0 = 0.000000
FPosY0 = 0.000000
FPosZ0 = 0.000000
FRotX0 = 0.000000
FRotY0 = 0.000000
FRotZ0 = 0.000000
FPosX1 = -568.501159
FPosY1 = 2826.530517
FPosZ1 = 59.739692
FRotX1 = 0.000000
FRotY1 = 0.000000
FRotZ1 = 0.000000
FModel2 = 2608
FModel3 = 1761
FModel4 = 2255
FPosX2 = -571.883483
FPosY2 = 2823.872558
FPosZ2 = 56.519695
FRotX2 = 2.299999
FRotY2 = -0.199999
FRotZ2 = 90.100028
FPosX3 = -569.172912
FPosY3 = 2830.561035
FPosZ3 = 55.735717
FRotX3 = 0.000000
FRotY3 = 0.000000
FRotZ3 = 0.000000
FPosX4 = -571.795654
FPosY4 = 2829.479980
FPosZ4 = 58.311496
FRotX4 = 0.099999
FRotY4 = -0.999999
FRotZ4 = 86.699996
SlotRopero1 = 0
SlotRopero2 = 0
SlotRopero3 = 0
SlotRopero4 = 0
SlotRopero5 = 0
SlotRopero6 = 0
SlotRopero7 = 0
SlotRopero8 = 0
SlotRopero9 = 0
SlotRopero10 = 0
Tamano = 2
GInterior = 0
GExteriorX = 1178.955566
GExteriorY = -1107.931030
GExteriorZ = 25.344594
GExteriorR = 271.455444
Ammo1 = 0
Ammo2 = 0
Ammo3 = 0
Ammo4 = 0
Ammo5 = 0
