[HouseData]
Tipo = 9
Nombre = Tienda de Electronica
Dueño = Sin Dueño
ExteriorX = 1680.319580
ExteriorY = -1826.525878
ExteriorZ = 13.546875
InteriorX = 422.350341
InteriorY = -2174.083251
InteriorZ = 108.023338
Interior = 0
MiscX = 0.000000
MiscY = 0.000000
MiscZ = 0.000000
Vault = 0
Precio = 250000
Stock = 1000
Locked = 0
