[HouseData]
Stock = 1000
Tipo = 1
Nombre = Burger Shot
Dueño = Sin Dueño
ExteriorX = 1199.170410
ExteriorY = -918.274169
ExteriorZ = 43.122798
InteriorX = 362.938110
InteriorY = -75.235855
InteriorZ = 1001.507812
Interior = 10
MiscX = 381.161315
MiscY = -56.496917
MiscZ = 1001.507812
Vault = 7258
Precio = 85000
Locked = 0
Comprado = 1
Cartel = 0
TextoCartel = 
TextoX = 0.000000
TextoY = 0.000000
TextoZ = 0.000000
TextoA = 0.000000
