[HouseData]
Tipo = 8
Nombre = Club Bar Epica's Ases
Dueño = Sin Dueño
ExteriorX = 2070.626708
ExteriorY = -1793.886230
ExteriorZ = 13.546875
InteriorX = 2785.266601
InteriorY = 2394.820556
InteriorZ = 1240.531127
Interior = 0
MiscX = 0.000000
MiscY = 0.000000
MiscZ = 0.000000
Vault = 0
Precio = 65000
Stock = 1000
Locked = 0
