[HouseData]
Tipo = 1
Nombre = Burger Shot
Dueño = Sin Dueño
ExteriorX = 811.441650
ExteriorY = -1616.144287
ExteriorZ = 13.546875
InteriorX = 362.889160
InteriorY = -75.185585
InteriorZ = 1001.507812
Interior = 10
MiscX = 366.365020
MiscY = -57.140666
MiscZ = 1001.509704
Vault = 820
Precio = 85000
Stock = 1000
Locked = 0
Comprado = 0
