[HouseData]
Tipo = 4
Nombre = SexShop
Dueño = Sin Dueño
ExteriorX = 1940.196899
ExteriorY = -2115.911132
ExteriorZ = 13.695312
InteriorX = 0.000000
InteriorY = 0.000000
InteriorZ = 0.000000
Interior = 0
MiscX = 0.000000
MiscY = 0.000000
MiscZ = 0.000000
Vault = 0
Precio = 110000
Stock = 1000
Locked = 0
