[HouseData]
Tipo = 8
Nombre = Cabaret The Pig Pen
Dueño = Sin Dueño
ExteriorX = 2421.315429
ExteriorY = -1220.025878
ExteriorZ = 25.511894
InteriorX = 1204.664550
InteriorY = -13.849595
InteriorZ = 1000.921875
Interior = 2
MiscX = 1210.739501
MiscY = 5.657267
MiscZ = 1000.921875
Vault = 0
Precio = 110000
Stock = 1000
Locked = 0
