[HouseData]
Stock = 1000
Tipo = 3
Nombre = [24-7] Idlewood
Dueño = Sin Dueño
ExteriorX = 1315.463134
ExteriorY = -898.656250
ExteriorZ = 39.578125
InteriorX = 6.159893
InteriorY = -31.580322
InteriorZ = 1003.549438
Interior = 10
MiscX = 2.865787
MiscY = -29.014337
MiscZ = 1003.549438
Vault = 31040
Precio = 150000
Locked = 0
Comprado = 1
Cartel = 0
TextoCartel = 
TextoX = 0.000000
TextoY = 0.000000
TextoZ = 0.000000
TextoA = 0.000000
