[HouseData]
Tipo = 6
Nombre = Ammu-Nation
Dueño = Sin Dueño
ExteriorX = 1368.248901
ExteriorY = -1279.736694
ExteriorZ = 13.546875
InteriorX = 285.418487
InteriorY = -41.392166
InteriorZ = 1001.515625
Interior = 1
MiscX = 299.498626
MiscY = -40.983592
MiscZ = 1001.515625
Vault = 25160
Precio = 200000
Stock = 1000
Locked = 0
Comprado = 0
