[HouseData]
Tipo = 1
Nombre = Restaurante Alejandro I
Dueño = Sin Dueño
ExteriorX = 1310.116943
ExteriorY = -1366.856933
ExteriorZ = 13.508955
InteriorX = 460.555755
InteriorY = -88.684989
InteriorZ = 999.554687
Interior = 4
MiscX = 451.543426
MiscY = -79.292686
MiscZ = 999.554687
Vault = 29533
Precio = 100000
Stock = 1000
Locked = 0
Comprado = 0
Cartel = 0
TextoCartel = 
TextoX = 0.000000
TextoY = 0.000000
TextoZ = 0.000000
TextoA = 0.000000
