[HouseData]
Stock = 1000
Tipo = 5
Nombre = Muebleria Todo Hogar
Dueño = Sin Dueño
ExteriorX = 1419.176757
ExteriorY = -1607.447753
ExteriorZ = 13.546875
InteriorX = -51.975791
InteriorY = -735.544128
InteriorZ = 641.023193
Interior = 0
MiscX = -51.491600
MiscY = -721.345214
MiscZ = 641.023193
Vault = 232805
Precio = 160000
Locked = 0
Comprado = 0
Cartel = 0
TextoCartel = 
TextoX = 0.000000
TextoY = 0.000000
TextoZ = 0.000000
TextoA = 0.000000
