[HouseData]
Tipo = 1
Nombre = Cluckin' Bell
Dueño = Sin Dueño
ExteriorX = 2397.859130
ExteriorY = -1898.549316
ExteriorZ = 13.546875
InteriorX = 0.000000
InteriorY = 0.000000
InteriorZ = 0.000000
Interior = 0
MiscX = 0.000000
MiscY = 0.000000
MiscZ = 0.000000
Vault = 0
Precio = 85000
Stock = 1000
Locked = 0
