[HouseData]
Tipo = 2
Nombre = Didier Sachs
Dueño = Sin Dueño
ExteriorX = 454.052398
ExteriorY = -1477.972412
ExteriorZ = 30.812244
InteriorX = 204.402633
InteriorY = -168.691390
InteriorZ = 1000.523437
Interior = 14
MiscX = 204.013305
MiscY = -157.829132
MiscZ = 1000.523437
Vault = 69995
Precio = 125000
Stock = 1000
Locked = 0
Comprado = 0
