[HouseData]
Tipo = 2
Nombre = 'Binco'
Dueño = Sin Dueño
ExteriorX = 2244.379882
ExteriorY = -1665.371582
ExteriorZ = 15.476554
InteriorX = 207.706481
InteriorY = -111.156562
InteriorZ = 1005.132812
Interior = 15
MiscX = 208.913940
MiscY = -98.705390
MiscZ = 1005.257812
Vault = 102663417
Precio = 125000
Stock = 1000
Locked = 0
Comprado = 1
