[HouseData]
Tipo = 4
Nombre = SexShop
Dueño = Sin Dueño
ExteriorX = 1087.780029
ExteriorY = -922.964782
ExteriorZ = 43.390625
InteriorX = -100.356758
InteriorY = -24.586877
InteriorZ = 1000.718750
Interior = 3
MiscX = -104.042739
MiscY = -24.202554
MiscZ = 1000.718750
Vault = 0
Precio = 110000
Stock = 1000
Locked = 0
Comprado = 0
