[HouseData]
Tipo = 3
Nombre = [24-7] Unity Station
Dueño = Sin Dueño
ExteriorX = 1839.095336
ExteriorY = -1853.320190
ExteriorZ = 14.632679
InteriorX = -25.654890
InteriorY = -187.420806
InteriorZ = 1003.546875
Interior = 17
MiscX = -28.216241
MiscY = -186.833099
MiscZ = 1003.546875
Vault = 2850
Precio = 150000
Stock = 1000
Locked = 0
Comprado = 0
Cartel = 0
TextoCartel = 
TextoX = 0.000000
TextoY = 0.000000
TextoZ = 0.000000
TextoA = 0.000000
