[HouseData]
Tipo = 5
Nombre = [Muebleria] *Casa Ideas*
Dueño = Sin Dueño
ExteriorX = 2162.544433
ExteriorY = -1742.684814
ExteriorZ = 13.546875
InteriorX = -52.069885
InteriorY = -736.120910
InteriorZ = 641.023193
Interior = 0
MiscX = -52.069885
MiscY = -736.120910
MiscZ = 641.023193
Vault = 400000
Precio = 160000
Stock = 1000
Locked = 0
Comprado = 1
