[HouseData]
Tipo = 1
Nombre = Cluckin' Bell
Dueño = Sin Dueño
ExteriorX = 927.739318
ExteriorY = -1352.920410
ExteriorZ = 13.343750
InteriorX = 460.168060
InteriorY = -88.540771
InteriorZ = 999.554687
Interior = 4
MiscX = 451.539367
MiscY = -79.295272
MiscZ = 999.554687
Vault = 2072
Precio = 85000
Stock = 1000
Locked = 0
Comprado = 0
