[HouseData]
Tipo = 2
Nombre = Sub URBAN
Dueño = Sin Dueño
ExteriorX = 2112.743896
ExteriorY = -1212.223999
ExteriorZ = 23.963989
InteriorX = 203.789550
InteriorY = -50.067466
InteriorZ = 1001.804687
Interior = 1
MiscX = 204.255798
MiscY = -40.733295
MiscZ = 1001.804687
Vault = 9620
Precio = 125000
Stock = 1000
Locked = 0
