[HouseData]
Tipo = 6
Nombre = Ammu-Nation
Dueño = Sin Dueño
ExteriorX = 1786.953125
ExteriorY = -1721.007324
ExteriorZ = 13.542672
InteriorX = 315.782867
InteriorY = -143.664398
InteriorZ = 999.601562
Interior = 7
MiscX = 305.677551
MiscY = -134.629592
MiscZ = 1004.054748
Vault = 0
Precio = 200000
Stock = 1000
Locked = 0
