[HouseData]
Stock = 1000
Tipo = 3
Nombre = YPF
Dueño = Sin Dueño
ExteriorX = 1929.419799
ExteriorY = -1776.248168
ExteriorZ = 13.546875
InteriorX = -27.097501
InteriorY = -57.247875
InteriorZ = 1003.546875
Interior = 6
MiscX = -27.230981
MiscY = -56.467056
MiscZ = 1003.546875
Vault = 85372
Precio = 170000
Locked = 0
Comprado = 1
Cartel = 0
TextoCartel = 
TextoX = 0.000000
TextoY = 0.000000
TextoZ = 0.000000
TextoA = 0.000000
