[HouseData]
Tipo = 3
Nombre = YPF
Dueño = Sin Dueño
ExteriorX = 1000.581237
ExteriorY = -919.851562
ExteriorZ = 42.328125
InteriorX = -27.220567
InteriorY = -58.268531
InteriorZ = 1003.546875
Interior = 6
MiscX = -24.270998
MiscY = -57.476383
MiscZ = 1003.546875
Vault = 12874
Precio = 170000
Stock = 1000
Locked = 0
