[HouseData]
Tipo = 2
Nombre = VICTIM
Dueño = Sin Dueño
ExteriorX = 461.649841
ExteriorY = -1500.747802
ExteriorZ = 31.047159
InteriorX = 227.018432
InteriorY = -8.307740
InteriorZ = 1002.210937
Interior = 5
MiscX = 204.850662
MiscY = -8.124286
MiscZ = 1001.210937
Vault = 110800000
Precio = 125000
Stock = 1000
Locked = 0
Comprado = 0
