[HouseData]
Tipo = 8
Nombre = -Bar SkinHead's-
Dueño = Sin Dueño
ExteriorX = 1008.972045
ExteriorY = -1295.577026
ExteriorZ = 13.546875
InteriorX = 501.716766
InteriorY = -67.563362
InteriorZ = 998.757812
Interior = 11
MiscX = 0.000000
MiscY = 0.000000
MiscZ = 0.000000
Vault = 0
Precio = 65000
Stock = 1000
Locked = 0
