[HouseData]
Stock = 1000
Tipo = 3
Nombre = [24-7] Pershing Square
Dueño = Sin Dueño
ExteriorX = 1359.623779
ExteriorY = -1755.395629
ExteriorZ = 14.617500
InteriorX = -25.838226
InteriorY = -187.719345
InteriorZ = 1003.546875
Interior = 17
MiscX = -25.838226
MiscY = -187.719345
MiscZ = 1003.546875
Vault = 50375
Precio = 150000
Locked = 0
Comprado = 1
Cartel = 0
TextoCartel = 
TextoX = 0.000000
TextoY = 0.000000
TextoZ = 0.000000
TextoA = 0.000000
