[HouseData]
Tipo = 1
Nombre = TWS Pizza Co.
Dueño = Sin Dueño
ExteriorX = 2105.487792
ExteriorY = -1806.596069
ExteriorZ = 13.554677
InteriorX = 372.317962
InteriorY = -133.521682
InteriorZ = 1001.492187
Interior = 5
MiscX = 372.149902
MiscY = -113.728881
MiscZ = 1001.492187
Vault = 1450
Precio = 85000
Stock = 1000
Locked = 0
Comprado = 0
Cartel = 0
TextoCartel = 
TextoX = 0.000000
TextoY = 0.000000
TextoZ = 0.000000
TextoA = 0.000000
