[HouseData]
Stock = 1000
Tipo = 8
Nombre = Tony's Liquor Store
Dueño = Sin Dueño
ExteriorX = 2129.939697
ExteriorY = -1761.403076
ExteriorZ = 13.562500
InteriorX = 501.894195
InteriorY = -68.501762
InteriorZ = 998.757812
Interior = 11
MiscX = 508.732666
MiscY = -88.204223
MiscZ = 998.968261
Vault = 0
Precio = 65000
Locked = 0
Comprado = 1
Cartel = 0
TextoCartel = 
TextoX = 0.000000
TextoY = 0.000000
TextoZ = 0.000000
TextoA = 0.000000
