[HouseData]
Stock = 1000
Tipo = 1
Nombre = Burger Shot
Dueño = Sin Dueño
ExteriorX = 1411.489624
ExteriorY = -1699.662231
ExteriorZ = 13.539484
InteriorX = 362.798431
InteriorY = -75.085350
InteriorZ = 1001.507812
Interior = 10
MiscX = 375.312286
MiscY = -65.606643
MiscZ = 1001.507812
Vault = 2949
Precio = 85000
Locked = 0
Comprado = 0
