[HouseData]
Tipo = 2
Nombre = ZIP
Dueño = Sin Dueño
ExteriorX = 1456.644897
ExteriorY = -1137.827148
ExteriorZ = 23.958305
InteriorX = 161.598388
InteriorY = -96.732536
InteriorZ = 1001.804687
Interior = 18
MiscX = 159.811126
MiscY = -81.082511
MiscZ = 1001.804687
Vault = 1263128
Precio = 125000
Stock = 1000
Locked = 0
Comprado = 0
Cartel = 0
TextoCartel = 
TextoX = 0.000000
TextoY = 0.000000
TextoZ = 0.000000
TextoA = 0.000000
