[HouseData]
Descripcion = Cárcel - SAPD
CustomInterior = 1
ExteriorVW = 0
ExteriorInt = 0
InteriorVW = 500
InteriorInt = 10
ExteriorX = 1604.616088
ExteriorY = -1646.375122
ExteriorZ = 13.546875
ExteriorA = 262.239196
InteriorX = 1440.414794
InteriorY = -1568.395996
InteriorZ = 4340.156250
InteriorA = 97.737648
CustomExterior = 0
VIP = 0
Familia = 0
Faccion = 1
Admin = 0
Wanted = 0
Vehicleable = 0
Color = 1
PickupModel = 0
Pass = 
Locked = 0
Music = 0
