[HouseData]
Descripcion = PF - Solo Personal
CustomInterior = 1
ExteriorVW = 500
ExteriorInt = 10
InteriorVW = 500
InteriorInt = 10
ExteriorX = 217.987365
ExteriorY = 117.008926
ExteriorZ = 999.021606
ExteriorA = 180.386642
InteriorX = 347.344512
InteriorY = 1806.449340
InteriorZ = 1201.998413
InteriorA = 93.838012
CustomExterior = 1
VIP = 0
Familia = 0
Faccion = 0
Admin = 0
Wanted = 0
Vehicleable = 0
Color = 1
PickupModel = 3
Pass = 
Locked = 0
Music = 0
