[HouseData]
Descripcion = Ballas
CustomInterior = 0
ExteriorVW = 0
ExteriorInt = 0
InteriorVW = 0
InteriorInt = 5
ExteriorX = 2000.118896
ExteriorY = -1114.414794
ExteriorZ = 27.125000
ExteriorA = 94.714172
InteriorX = 2352.358398
InteriorY = -1180.831909
InteriorZ = 1027.976562
InteriorA = 263.713989
CustomExterior = 0
VIP = 0
Familia = 0
Faccion = 12
Admin = 0
Wanted = 0
Vehicleable = 0
Color = 1
PickupModel = 26
Pass = 
Locked = 0
Music = 0
