[HouseData]
Descripcion = Vestuarios
CustomInterior = 1
ExteriorVW = 0
ExteriorInt = 0
InteriorVW = 0
InteriorInt = 0
ExteriorX = 1303.711059
ExteriorY = -1038.496826
ExteriorZ = 3359.715820
ExteriorA = 267.170959
InteriorX = 1324.890869
InteriorY = -1021.156188
InteriorZ = 3357.707763
InteriorA = 271.557617
CustomExterior = 1
VIP = 0
Familia = 0
Faccion = 0
Admin = 0
Wanted = 0
Vehicleable = 0
Color = 0
PickupModel = 3
Pass = 
Locked = 0
Music = 0
