[PVData]
pvOwner = Nadie
pvPosX = 0.000000
pvPosY = 0.000000
pvPosZ = 0.000000
pvPosR = 0.000000
pvVW = 0
pvModel = 0
pvLock = 0
pvLocked = 0
pvPaintJob = 0
pvColor1 = 0
pvColor2 = 0
pvAllowPlayer = 
pvAllowedPlayerId = 0
pvPark = 0
pvStereo = 0
pvNumberPlate = 
pvPrice = 0
pvTicket = 0
pvImpounded = 0
pvFuel = 0
pvHealth = 0.000000
pvSpawned = 0
pvEnVenta = 0
pvEnVentaP = 0
pv100Weapon0 = 0
pv100Municion0 = 0
pv100Weapon1 = 0
pv100Municion1 = 0
pv100Weapon2 = 0
pv100Municion2 = 0
pv100Mod0 = 0
pv100Mod1 = 0
pv100Mod2 = 0
pv100Mod3 = 0
pv100Mod4 = 0
pv100Mod5 = 0
pv100Mod6 = 0
pv100Mod7 = 0
pv100Mod8 = 0
pv100Mod9 = 0
pv100Mod10 = 0
pv100Mod11 = 0
pv100Mod12 = 0
pv100Mod13 = 0
pv100Mod14 = 0
