[PVData]
pvOwner = Nadie
pvPosX = 0.000000
pvPosY = 0.000000
pvPosZ = 0.000000
pvPosR = 0.000000
pvVW = 0
pvModel = 0
pvLock = 0
pvLocked = 0
pvPaintJob = 0
pvColor1 = 0
pvColor2 = 0
pvAllowPlayer = 
pvAllowedPlayerId = 0
pvPark = 0
pvStereo = 0
pvNumberPlate = 
pvPrice = 0
pvTicket = 0
pvImpounded = 0
pvFuel = 0
pvHealth = 0.000000
pvSpawned = 0
pvEnVenta = 0
pvEnVentaP = 0
pv108Weapon0 = 0
pv108Municion0 = 0
pv108Weapon1 = 0
pv108Municion1 = 0
pv108Weapon2 = 0
pv108Municion2 = 0
pv108Mod0 = 0
pv108Mod1 = 0
pv108Mod2 = 0
pv108Mod3 = 0
pv108Mod4 = 0
pv108Mod5 = 0
pv108Mod6 = 0
pv108Mod7 = 0
pv108Mod8 = 0
pv108Mod9 = 0
pv108Mod10 = 0
pv108Mod11 = 0
pv108Mod12 = 0
pv108Mod13 = 0
pv108Mod14 = 0
