[PVData]
pvOwner = Nadie
pvPosX = 0.000000
pvPosY = 0.000000
pvPosZ = 0.000000
pvPosR = 0.000000
pvVW = 0
pvModel = 0
pvLock = 0
pvLocked = 0
pvPaintJob = 0
pvColor1 = 0
pvColor2 = 0
pvAllowPlayer = 
pvAllowedPlayerId = 0
pvPark = 0
pvStereo = 0
pvNumberPlate = 
pvPrice = 0
pvTicket = 0
pvImpounded = 0
pvFuel = 0
pvHealth = 0.000000
pvSpawned = 0
pvEnVenta = 0
pvEnVentaP = 0
pv101Weapon0 = 0
pv101Municion0 = 0
pv101Weapon1 = 0
pv101Municion1 = 0
pv101Weapon2 = 0
pv101Municion2 = 0
pv101Mod0 = 0
pv101Mod1 = 0
pv101Mod2 = 0
pv101Mod3 = 0
pv101Mod4 = 0
pv101Mod5 = 0
pv101Mod6 = 0
pv101Mod7 = 0
pv101Mod8 = 0
pv101Mod9 = 0
pv101Mod10 = 0
pv101Mod11 = 0
pv101Mod12 = 0
pv101Mod13 = 0
pv101Mod14 = 0
