[PVData]
pvOwner = Nadie
pvPosX = 0.000000
pvPosY = 0.000000
pvPosZ = 0.000000
pvPosR = 0.000000
pvVW = 0
pvModel = 0
pvLock = 0
pvLocked = 0
pvPaintJob = 0
pvColor1 = 0
pvColor2 = 0
pvAllowPlayer = 
pvAllowedPlayerId = 0
pvPark = 0
pvStereo = 0
pvNumberPlate = 
pvPrice = 0
pvTicket = 0
pvImpounded = 0
pvFuel = 0
pvHealth = 0.000000
pvSpawned = 0
pvEnVenta = 0
pvEnVentaP = 0
pv103Weapon0 = 0
pv103Municion0 = 0
pv103Weapon1 = 0
pv103Municion1 = 0
pv103Weapon2 = 0
pv103Municion2 = 0
pv103Mod0 = 0
pv103Mod1 = 0
pv103Mod2 = 0
pv103Mod3 = 0
pv103Mod4 = 0
pv103Mod5 = 0
pv103Mod6 = 0
pv103Mod7 = 0
pv103Mod8 = 0
pv103Mod9 = 0
pv103Mod10 = 0
pv103Mod11 = 0
pv103Mod12 = 0
pv103Mod13 = 0
pv103Mod14 = 0
