[PVData]
pvOwner = Nadie
pvPosX = 0.000000
pvPosY = 0.000000
pvPosZ = 0.000000
pvPosR = 0.000000
pvVW = 0
pvModel = 0
pvLock = 0
pvLocked = 0
pvPaintJob = 0
pvColor1 = 0
pvColor2 = 0
pvAllowPlayer = 
pvAllowedPlayerId = 0
pvPark = 0
pvStereo = 0
pvNumberPlate = 
pvPrice = 0
pvTicket = 0
pvImpounded = 0
pvFuel = 0
pvHealth = 0.000000
pvSpawned = 0
pvEnVenta = 0
pvEnVentaP = 0
pv104Weapon0 = 0
pv104Municion0 = 0
pv104Weapon1 = 0
pv104Municion1 = 0
pv104Weapon2 = 0
pv104Municion2 = 0
pv104Mod0 = 0
pv104Mod1 = 0
pv104Mod2 = 0
pv104Mod3 = 0
pv104Mod4 = 0
pv104Mod5 = 0
pv104Mod6 = 0
pv104Mod7 = 0
pv104Mod8 = 0
pv104Mod9 = 0
pv104Mod10 = 0
pv104Mod11 = 0
pv104Mod12 = 0
pv104Mod13 = 0
pv104Mod14 = 0
