[PVData]
pvOwner = Nadie
pvPosX = 0.000000
pvPosY = 0.000000
pvPosZ = 0.000000
pvPosR = 0.000000
pvVW = 0
pvModel = 0
pvLock = 0
pvLocked = 0
pvPaintJob = 0
pvColor1 = 0
pvColor2 = 0
pvAllowPlayer = 
pvAllowedPlayerId = 0
pvPark = 0
pvStereo = 0
pvNumberPlate = 
pvPrice = 0
pvTicket = 0
pvImpounded = 0
pvFuel = 0
pvHealth = 0.000000
pvSpawned = 0
pvEnVenta = 0
pvEnVentaP = 0
pv114Weapon0 = 0
pv114Municion0 = 0
pv114Weapon1 = 0
pv114Municion1 = 0
pv114Weapon2 = 0
pv114Municion2 = 0
pv114Mod0 = 0
pv114Mod1 = 0
pv114Mod2 = 0
pv114Mod3 = 0
pv114Mod4 = 0
pv114Mod5 = 0
pv114Mod6 = 0
pv114Mod7 = 0
pv114Mod8 = 0
pv114Mod9 = 0
pv114Mod10 = 0
pv114Mod11 = 0
pv114Mod12 = 0
pv114Mod13 = 0
pv114Mod14 = 0
