[PVData]
pvOwner = Nadie
pvPosX = 0.000000
pvPosY = 0.000000
pvPosZ = 0.000000
pvPosR = 0.000000
pvVW = 0
pvModel = 0
pvLock = 0
pvLocked = 0
pvPaintJob = 0
pvColor1 = 0
pvColor2 = 0
pvAllowPlayer = 
pvAllowedPlayerId = 0
pvPark = 0
pvStereo = 0
pvNumberPlate = 
pvPrice = 0
pvTicket = 0
pvImpounded = 0
pvFuel = 0
pvHealth = 0.000000
pvSpawned = 0
pvEnVenta = 0
pvEnVentaP = 0
pv117Weapon0 = 0
pv117Municion0 = 0
pv117Weapon1 = 0
pv117Municion1 = 0
pv117Weapon2 = 0
pv117Municion2 = 0
pv117Mod0 = 0
pv117Mod1 = 0
pv117Mod2 = 0
pv117Mod3 = 0
pv117Mod4 = 0
pv117Mod5 = 0
pv117Mod6 = 0
pv117Mod7 = 0
pv117Mod8 = 0
pv117Mod9 = 0
pv117Mod10 = 0
pv117Mod11 = 0
pv117Mod12 = 0
pv117Mod13 = 0
pv117Mod14 = 0
