[PVData]
pvOwner = Nadie
pvPosX = 0.000000
pvPosY = 0.000000
pvPosZ = 0.000000
pvPosR = 0.000000
pvVW = 0
pvModel = 0
pvLock = 0
pvLocked = 0
pvPaintJob = 0
pvColor1 = 0
pvColor2 = 0
pvAllowPlayer = 
pvAllowedPlayerId = 0
pvPark = 0
pvStereo = 0
pvNumberPlate = 
pvPrice = 0
pvTicket = 0
pvImpounded = 0
pvFuel = 0
pvHealth = 0.000000
pvSpawned = 0
pvEnVenta = 0
pvEnVentaP = 0
pv110Weapon0 = 0
pv110Municion0 = 0
pv110Weapon1 = 0
pv110Municion1 = 0
pv110Weapon2 = 0
pv110Municion2 = 0
pv110Mod0 = 0
pv110Mod1 = 0
pv110Mod2 = 0
pv110Mod3 = 0
pv110Mod4 = 0
pv110Mod5 = 0
pv110Mod6 = 0
pv110Mod7 = 0
pv110Mod8 = 0
pv110Mod9 = 0
pv110Mod10 = 0
pv110Mod11 = 0
pv110Mod12 = 0
pv110Mod13 = 0
pv110Mod14 = 0
