[PVData]
pvOwner = Nadie
pvPosX = 0.000000
pvPosY = 0.000000
pvPosZ = 0.000000
pvPosR = 0.000000
pvVW = 0
pvModel = 0
pvLock = 0
pvLocked = 0
pvPaintJob = 0
pvColor1 = 0
pvColor2 = 0
pvAllowPlayer = 
pvAllowedPlayerId = 0
pvPark = 0
pvStereo = 0
pvNumberPlate = 
pvPrice = 0
pvTicket = 0
pvImpounded = 0
pvFuel = 0
pvHealth = 0.000000
pvSpawned = 0
pvEnVenta = 0
pvEnVentaP = 0
pv11Weapon0 = 0
pv11Municion0 = 0
pv11Weapon1 = 0
pv11Municion1 = 0
pv11Weapon2 = 0
pv11Municion2 = 0
pv11Mod0 = 0
pv11Mod1 = 0
pv11Mod2 = 0
pv11Mod3 = 0
pv11Mod4 = 0
pv11Mod5 = 0
pv11Mod6 = 0
pv11Mod7 = 0
pv11Mod8 = 0
pv11Mod9 = 0
pv11Mod10 = 0
pv11Mod11 = 0
pv11Mod12 = 0
pv11Mod13 = 0
pv11Mod14 = 0
