[PVData]
pvOwner = Nadie
pvPosX = 0.000000
pvPosY = 0.000000
pvPosZ = 0.000000
pvPosR = 0.000000
pvVW = 0
pvModel = 0
pvLock = 0
pvLocked = 0
pvPaintJob = 0
pvColor1 = 0
pvColor2 = 0
pvAllowPlayer = 
pvAllowedPlayerId = 0
pvPark = 0
pvStereo = 0
pvNumberPlate = 
pvPrice = 0
pvTicket = 0
pvImpounded = 0
pvFuel = 0
pvHealth = 0.000000
pvSpawned = 0
pvEnVenta = 0
pvEnVentaP = 0
pv118Weapon0 = 0
pv118Municion0 = 0
pv118Weapon1 = 0
pv118Municion1 = 0
pv118Weapon2 = 0
pv118Municion2 = 0
pv118Mod0 = 0
pv118Mod1 = 0
pv118Mod2 = 0
pv118Mod3 = 0
pv118Mod4 = 0
pv118Mod5 = 0
pv118Mod6 = 0
pv118Mod7 = 0
pv118Mod8 = 0
pv118Mod9 = 0
pv118Mod10 = 0
pv118Mod11 = 0
pv118Mod12 = 0
pv118Mod13 = 0
pv118Mod14 = 0
