[PVData]
pvOwner = Nadie
pvPosX = 0.000000
pvPosY = 0.000000
pvPosZ = 0.000000
pvPosR = 0.000000
pvVW = 0
pvModel = 0
pvLock = 0
pvLocked = 0
pvPaintJob = 0
pvColor1 = 0
pvColor2 = 0
pvAllowPlayer = 
pvAllowedPlayerId = 0
pvPark = 0
pvStereo = 0
pvNumberPlate = 
pvPrice = 0
pvTicket = 0
pvImpounded = 0
pvFuel = 0
pvHealth = 0.000000
pvSpawned = 0
pvEnVenta = 0
pvEnVentaP = 0
pv121Weapon0 = 0
pv121Municion0 = 0
pv121Weapon1 = 0
pv121Municion1 = 0
pv121Weapon2 = 0
pv121Municion2 = 0
pv121Mod0 = 0
pv121Mod1 = 0
pv121Mod2 = 0
pv121Mod3 = 0
pv121Mod4 = 0
pv121Mod5 = 0
pv121Mod6 = 0
pv121Mod7 = 0
pv121Mod8 = 0
pv121Mod9 = 0
pv121Mod10 = 0
pv121Mod11 = 0
pv121Mod12 = 0
pv121Mod13 = 0
pv121Mod14 = 0
