[PVData]
pvOwner = Nadie
pvPosX = 0.000000
pvPosY = 0.000000
pvPosZ = 0.000000
pvPosR = 0.000000
pvVW = 0
pvModel = 0
pvLock = 0
pvLocked = 0
pvPaintJob = 0
pvColor1 = 0
pvColor2 = 0
pvAllowPlayer = 
pvAllowedPlayerId = 0
pvPark = 0
pvStereo = 0
pvNumberPlate = 
pvPrice = 0
pvTicket = 0
pvImpounded = 0
pvFuel = 0
pvHealth = 0.000000
pvSpawned = 0
pvEnVenta = 0
pvEnVentaP = 0
pv124Weapon0 = 0
pv124Municion0 = 0
pv124Weapon1 = 0
pv124Municion1 = 0
pv124Weapon2 = 0
pv124Municion2 = 0
pv124Mod0 = 0
pv124Mod1 = 0
pv124Mod2 = 0
pv124Mod3 = 0
pv124Mod4 = 0
pv124Mod5 = 0
pv124Mod6 = 0
pv124Mod7 = 0
pv124Mod8 = 0
pv124Mod9 = 0
pv124Mod10 = 0
pv124Mod11 = 0
pv124Mod12 = 0
pv124Mod13 = 0
pv124Mod14 = 0
