[PVData]
pvOwner = Nadie
pvPosX = 0.000000
pvPosY = 0.000000
pvPosZ = 0.000000
pvPosR = 0.000000
pvVW = 0
pvModel = 0
pvLock = 0
pvLocked = 0
pvPaintJob = 0
pvColor1 = 0
pvColor2 = 0
pvAllowPlayer = 
pvAllowedPlayerId = 0
pvPark = 0
pvStereo = 0
pvNumberPlate = 
pvPrice = 0
pvTicket = 0
pvImpounded = 0
pvFuel = 0
pvHealth = 0.000000
pvSpawned = 0
pvEnVenta = 0
pvEnVentaP = 0
pv125Weapon0 = 0
pv125Municion0 = 0
pv125Weapon1 = 0
pv125Municion1 = 0
pv125Weapon2 = 0
pv125Municion2 = 0
pv125Mod0 = 0
pv125Mod1 = 0
pv125Mod2 = 0
pv125Mod3 = 0
pv125Mod4 = 0
pv125Mod5 = 0
pv125Mod6 = 0
pv125Mod7 = 0
pv125Mod8 = 0
pv125Mod9 = 0
pv125Mod10 = 0
pv125Mod11 = 0
pv125Mod12 = 0
pv125Mod13 = 0
pv125Mod14 = 0
