[PVData]
pvOwner = Nadie
pvPosX = 0.000000
pvPosY = 0.000000
pvPosZ = 0.000000
pvPosR = 0.000000
pvVW = 0
pvModel = 0
pvLock = 0
pvLocked = 0
pvPaintJob = 0
pvColor1 = 0
pvColor2 = 0
pvAllowPlayer = 
pvAllowedPlayerId = 0
pvPark = 0
pvStereo = 0
pvNumberPlate = 
pvPrice = 0
pvTicket = 0
pvImpounded = 0
pvFuel = 0
pvHealth = 0.000000
pvSpawned = 0
pvEnVenta = 0
pvEnVentaP = 0
pv129Weapon0 = 0
pv129Municion0 = 0
pv129Weapon1 = 0
pv129Municion1 = 0
pv129Weapon2 = 0
pv129Municion2 = 0
pv129Mod0 = 0
pv129Mod1 = 0
pv129Mod2 = 0
pv129Mod3 = 0
pv129Mod4 = 0
pv129Mod5 = 0
pv129Mod6 = 0
pv129Mod7 = 0
pv129Mod8 = 0
pv129Mod9 = 0
pv129Mod10 = 0
pv129Mod11 = 0
pv129Mod12 = 0
pv129Mod13 = 0
pv129Mod14 = 0
