[PVData]
pvOwner = Nadie
pvPosX = 0.000000
pvPosY = 0.000000
pvPosZ = 0.000000
pvPosR = 0.000000
pvVW = 0
pvModel = 0
pvLock = 0
pvLocked = 0
pvPaintJob = 0
pvColor1 = 0
pvColor2 = 0
pvAllowPlayer = 
pvAllowedPlayerId = 0
pvPark = 0
pvStereo = 0
pvNumberPlate = 
pvPrice = 0
pvTicket = 0
pvImpounded = 0
pvFuel = 0
pvHealth = 0.000000
pvSpawned = 0
pvEnVenta = 0
pvEnVentaP = 0
pv126Weapon0 = 0
pv126Municion0 = 0
pv126Weapon1 = 0
pv126Municion1 = 0
pv126Weapon2 = 0
pv126Municion2 = 0
pv126Mod0 = 0
pv126Mod1 = 0
pv126Mod2 = 0
pv126Mod3 = 0
pv126Mod4 = 0
pv126Mod5 = 0
pv126Mod6 = 0
pv126Mod7 = 0
pv126Mod8 = 0
pv126Mod9 = 0
pv126Mod10 = 0
pv126Mod11 = 0
pv126Mod12 = 0
pv126Mod13 = 0
pv126Mod14 = 0
