[PVData]
pvOwner = Nadie
pvPosX = 0.000000
pvPosY = 0.000000
pvPosZ = 0.000000
pvPosR = 0.000000
pvVW = 0
pvModel = 0
pvLock = 0
pvLocked = 0
pvPaintJob = 0
pvColor1 = 0
pvColor2 = 0
pvAllowPlayer = 
pvAllowedPlayerId = 0
pvPark = 0
pvStereo = 0
pvNumberPlate = 
pvPrice = 0
pvTicket = 0
pvImpounded = 0
pvFuel = 0
pvHealth = 0.000000
pvSpawned = 0
pvEnVenta = 0
pvEnVentaP = 0
pv123Weapon0 = 0
pv123Municion0 = 0
pv123Weapon1 = 0
pv123Municion1 = 0
pv123Weapon2 = 0
pv123Municion2 = 0
pv123Mod0 = 0
pv123Mod1 = 0
pv123Mod2 = 0
pv123Mod3 = 0
pv123Mod4 = 0
pv123Mod5 = 0
pv123Mod6 = 0
pv123Mod7 = 0
pv123Mod8 = 0
pv123Mod9 = 0
pv123Mod10 = 0
pv123Mod11 = 0
pv123Mod12 = 0
pv123Mod13 = 0
pv123Mod14 = 0
