[PVData]
pvOwner = Nadie
pvPosX = 0.000000
pvPosY = 0.000000
pvPosZ = 0.000000
pvPosR = 0.000000
pvVW = 0
pvModel = 0
pvLock = 0
pvLocked = 0
pvPaintJob = 0
pvColor1 = 0
pvColor2 = 0
pvAllowPlayer = 
pvAllowedPlayerId = 0
pvPark = 0
pvStereo = 0
pvNumberPlate = 
pvPrice = 0
pvTicket = 0
pvImpounded = 0
pvFuel = 0
pvHealth = 0.000000
pvSpawned = 0
pvEnVenta = 0
pvEnVentaP = 0
pv132Weapon0 = 0
pv132Municion0 = 0
pv132Weapon1 = 0
pv132Municion1 = 0
pv132Weapon2 = 0
pv132Municion2 = 0
pv132Mod0 = 0
pv132Mod1 = 0
pv132Mod2 = 0
pv132Mod3 = 0
pv132Mod4 = 0
pv132Mod5 = 0
pv132Mod6 = 0
pv132Mod7 = 0
pv132Mod8 = 0
pv132Mod9 = 0
pv132Mod10 = 0
pv132Mod11 = 0
pv132Mod12 = 0
pv132Mod13 = 0
pv132Mod14 = 0
