[PVData]
pvOwner = Nadie
pvPosX = 0.000000
pvPosY = 0.000000
pvPosZ = 0.000000
pvPosR = 0.000000
pvVW = 0
pvModel = 0
pvLock = 0
pvLocked = 0
pvPaintJob = 0
pvColor1 = 0
pvColor2 = 0
pvAllowPlayer = 
pvAllowedPlayerId = 0
pvPark = 0
pvStereo = 0
pvNumberPlate = 
pvPrice = 0
pvTicket = 0
pvImpounded = 0
pvFuel = 0
pvHealth = 0.000000
pvSpawned = 0
pvEnVenta = 0
pvEnVentaP = 0
pv133Weapon0 = 0
pv133Municion0 = 0
pv133Weapon1 = 0
pv133Municion1 = 0
pv133Weapon2 = 0
pv133Municion2 = 0
pv133Mod0 = 0
pv133Mod1 = 0
pv133Mod2 = 0
pv133Mod3 = 0
pv133Mod4 = 0
pv133Mod5 = 0
pv133Mod6 = 0
pv133Mod7 = 0
pv133Mod8 = 0
pv133Mod9 = 0
pv133Mod10 = 0
pv133Mod11 = 0
pv133Mod12 = 0
pv133Mod13 = 0
pv133Mod14 = 0
