[PVData]
pvOwner = Nadie
pvPosX = 0.000000
pvPosY = 0.000000
pvPosZ = 0.000000
pvPosR = 0.000000
pvVW = 0
pvModel = 0
pvLock = 0
pvLocked = 0
pvPaintJob = 0
pvColor1 = 0
pvColor2 = 0
pvAllowPlayer = 
pvAllowedPlayerId = 0
pvPark = 0
pvStereo = 0
pvNumberPlate = 
pvPrice = 0
pvTicket = 0
pvImpounded = 0
pvFuel = 0
pvHealth = 0.000000
pvSpawned = 0
pvEnVenta = 0
pvEnVentaP = 0
pv139Weapon0 = 0
pv139Municion0 = 0
pv139Weapon1 = 0
pv139Municion1 = 0
pv139Weapon2 = 0
pv139Municion2 = 0
pv139Mod0 = 0
pv139Mod1 = 0
pv139Mod2 = 0
pv139Mod3 = 0
pv139Mod4 = 0
pv139Mod5 = 0
pv139Mod6 = 0
pv139Mod7 = 0
pv139Mod8 = 0
pv139Mod9 = 0
pv139Mod10 = 0
pv139Mod11 = 0
pv139Mod12 = 0
pv139Mod13 = 0
pv139Mod14 = 0
