[PVData]
pvOwner = Nadie
pvPosX = 0.000000
pvPosY = 0.000000
pvPosZ = 0.000000
pvPosR = 0.000000
pvVW = 0
pvModel = 0
pvLock = 0
pvLocked = 0
pvPaintJob = 0
pvColor1 = 0
pvColor2 = 0
pvAllowPlayer = 
pvAllowedPlayerId = 0
pvPark = 0
pvStereo = 0
pvNumberPlate = 
pvPrice = 0
pvTicket = 0
pvImpounded = 0
pvFuel = 0
pvHealth = 0.000000
pvSpawned = 0
pvEnVenta = 0
pvEnVentaP = 0
pv136Weapon0 = 0
pv136Municion0 = 0
pv136Weapon1 = 0
pv136Municion1 = 0
pv136Weapon2 = 0
pv136Municion2 = 0
pv136Mod0 = 0
pv136Mod1 = 0
pv136Mod2 = 0
pv136Mod3 = 0
pv136Mod4 = 0
pv136Mod5 = 0
pv136Mod6 = 0
pv136Mod7 = 0
pv136Mod8 = 0
pv136Mod9 = 0
pv136Mod10 = 0
pv136Mod11 = 0
pv136Mod12 = 0
pv136Mod13 = 0
pv136Mod14 = 0
