[PVData]
pvOwner = Nadie
pvPosX = 0.000000
pvPosY = 0.000000
pvPosZ = 0.000000
pvPosR = 0.000000
pvVW = 0
pvModel = 0
pvLock = 0
pvLocked = 0
pvPaintJob = 0
pvColor1 = 0
pvColor2 = 0
pvAllowPlayer = 
pvAllowedPlayerId = 0
pvPark = 0
pvStereo = 0
pvNumberPlate = 
pvPrice = 0
pvTicket = 0
pvImpounded = 0
pvFuel = 0
pvHealth = 0.000000
pvSpawned = 0
pvEnVenta = 0
pvEnVentaP = 0
pv138Weapon0 = 0
pv138Municion0 = 0
pv138Weapon1 = 0
pv138Municion1 = 0
pv138Weapon2 = 0
pv138Municion2 = 0
pv138Mod0 = 0
pv138Mod1 = 0
pv138Mod2 = 0
pv138Mod3 = 0
pv138Mod4 = 0
pv138Mod5 = 0
pv138Mod6 = 0
pv138Mod7 = 0
pv138Mod8 = 0
pv138Mod9 = 0
pv138Mod10 = 0
pv138Mod11 = 0
pv138Mod12 = 0
pv138Mod13 = 0
pv138Mod14 = 0
