[PVData]
pvOwner = Nadie
pvPosX = 0.000000
pvPosY = 0.000000
pvPosZ = 0.000000
pvPosR = 0.000000
pvVW = 0
pvModel = 0
pvLock = 0
pvLocked = 0
pvPaintJob = 0
pvColor1 = 0
pvColor2 = 0
pvAllowPlayer = 
pvAllowedPlayerId = 0
pvPark = 0
pvStereo = 0
pvNumberPlate = 
pvPrice = 0
pvTicket = 0
pvImpounded = 0
pvFuel = 0
pvHealth = 0.000000
pvSpawned = 0
pvEnVenta = 0
pvEnVentaP = 0
pv131Weapon0 = 0
pv131Municion0 = 0
pv131Weapon1 = 0
pv131Municion1 = 0
pv131Weapon2 = 0
pv131Municion2 = 0
pv131Mod0 = 0
pv131Mod1 = 0
pv131Mod2 = 0
pv131Mod3 = 0
pv131Mod4 = 0
pv131Mod5 = 0
pv131Mod6 = 0
pv131Mod7 = 0
pv131Mod8 = 0
pv131Mod9 = 0
pv131Mod10 = 0
pv131Mod11 = 0
pv131Mod12 = 0
pv131Mod13 = 0
pv131Mod14 = 0
