[PVData]
pvOwner = Nadie
pvPosX = 0.000000
pvPosY = 0.000000
pvPosZ = 0.000000
pvPosR = 0.000000
pvVW = 0
pvModel = 0
pvLock = 0
pvLocked = 0
pvPaintJob = 0
pvColor1 = 0
pvColor2 = 0
pvAllowPlayer = 
pvAllowedPlayerId = 0
pvPark = 0
pvStereo = 0
pvNumberPlate = 
pvPrice = 0
pvTicket = 0
pvImpounded = 0
pvFuel = 0
pvHealth = 0.000000
pvSpawned = 0
pvEnVenta = 0
pvEnVentaP = 0
pv149Weapon0 = 0
pv149Municion0 = 0
pv149Weapon1 = 0
pv149Municion1 = 0
pv149Weapon2 = 0
pv149Municion2 = 0
pv149Mod0 = 0
pv149Mod1 = 0
pv149Mod2 = 0
pv149Mod3 = 0
pv149Mod4 = 0
pv149Mod5 = 0
pv149Mod6 = 0
pv149Mod7 = 0
pv149Mod8 = 0
pv149Mod9 = 0
pv149Mod10 = 0
pv149Mod11 = 0
pv149Mod12 = 0
pv149Mod13 = 0
pv149Mod14 = 0
