[PVData]
pvOwner = Nadie
pvPosX = 0.000000
pvPosY = 0.000000
pvPosZ = 0.000000
pvPosR = 0.000000
pvVW = 0
pvModel = 0
pvLock = 0
pvLocked = 0
pvPaintJob = 0
pvColor1 = 0
pvColor2 = 0
pvAllowPlayer = 
pvAllowedPlayerId = 0
pvPark = 0
pvStereo = 0
pvNumberPlate = 
pvPrice = 0
pvTicket = 0
pvImpounded = 0
pvFuel = 0
pvHealth = 0.000000
pvSpawned = 0
pvEnVenta = 0
pvEnVentaP = 0
pv148Weapon0 = 0
pv148Municion0 = 0
pv148Weapon1 = 0
pv148Municion1 = 0
pv148Weapon2 = 0
pv148Municion2 = 0
pv148Mod0 = 0
pv148Mod1 = 0
pv148Mod2 = 0
pv148Mod3 = 0
pv148Mod4 = 0
pv148Mod5 = 0
pv148Mod6 = 0
pv148Mod7 = 0
pv148Mod8 = 0
pv148Mod9 = 0
pv148Mod10 = 0
pv148Mod11 = 0
pv148Mod12 = 0
pv148Mod13 = 0
pv148Mod14 = 0
