[PVData]
pvOwner = Nadie
pvPosX = 0.000000
pvPosY = 0.000000
pvPosZ = 0.000000
pvPosR = 0.000000
pvVW = 0
pvModel = 0
pvLock = 0
pvLocked = 0
pvPaintJob = 0
pvColor1 = 0
pvColor2 = 0
pvAllowPlayer = 
pvAllowedPlayerId = 0
pvPark = 0
pvStereo = 0
pvNumberPlate = 
pvPrice = 0
pvTicket = 0
pvImpounded = 0
pvFuel = 0
pvHealth = 0.000000
pvSpawned = 0
pvEnVenta = 0
pvEnVentaP = 0
pv140Weapon0 = 0
pv140Municion0 = 0
pv140Weapon1 = 0
pv140Municion1 = 0
pv140Weapon2 = 0
pv140Municion2 = 0
pv140Mod0 = 0
pv140Mod1 = 0
pv140Mod2 = 0
pv140Mod3 = 0
pv140Mod4 = 0
pv140Mod5 = 0
pv140Mod6 = 0
pv140Mod7 = 0
pv140Mod8 = 0
pv140Mod9 = 0
pv140Mod10 = 0
pv140Mod11 = 0
pv140Mod12 = 0
pv140Mod13 = 0
pv140Mod14 = 0
