[PVData]
pvOwner = Nadie
pvPosX = 0.000000
pvPosY = 0.000000
pvPosZ = 0.000000
pvPosR = 0.000000
pvVW = 0
pvModel = 0
pvLock = 0
pvLocked = 0
pvPaintJob = 0
pvColor1 = 0
pvColor2 = 0
pvAllowPlayer = 
pvAllowedPlayerId = 0
pvPark = 0
pvStereo = 0
pvNumberPlate = 
pvPrice = 0
pvTicket = 0
pvImpounded = 0
pvFuel = 0
pvHealth = 0.000000
pvSpawned = 0
pvEnVenta = 0
pvEnVentaP = 0
pv141Weapon0 = 0
pv141Municion0 = 0
pv141Weapon1 = 0
pv141Municion1 = 0
pv141Weapon2 = 0
pv141Municion2 = 0
pv141Mod0 = 0
pv141Mod1 = 0
pv141Mod2 = 0
pv141Mod3 = 0
pv141Mod4 = 0
pv141Mod5 = 0
pv141Mod6 = 0
pv141Mod7 = 0
pv141Mod8 = 0
pv141Mod9 = 0
pv141Mod10 = 0
pv141Mod11 = 0
pv141Mod12 = 0
pv141Mod13 = 0
pv141Mod14 = 0
