[PVData]
pvOwner = Nadie
pvPosX = 0.000000
pvPosY = 0.000000
pvPosZ = 0.000000
pvPosR = 0.000000
pvVW = 0
pvModel = 0
pvLock = 0
pvLocked = 0
pvPaintJob = 0
pvColor1 = 0
pvColor2 = 0
pvAllowPlayer = 
pvAllowedPlayerId = 0
pvPark = 0
pvStereo = 0
pvNumberPlate = 
pvPrice = 0
pvTicket = 0
pvImpounded = 0
pvFuel = 0
pvHealth = 0.000000
pvSpawned = 0
pvEnVenta = 0
pvEnVentaP = 0
pv143Weapon0 = 0
pv143Municion0 = 0
pv143Weapon1 = 0
pv143Municion1 = 0
pv143Weapon2 = 0
pv143Municion2 = 0
pv143Mod0 = 0
pv143Mod1 = 0
pv143Mod2 = 0
pv143Mod3 = 0
pv143Mod4 = 0
pv143Mod5 = 0
pv143Mod6 = 0
pv143Mod7 = 0
pv143Mod8 = 0
pv143Mod9 = 0
pv143Mod10 = 0
pv143Mod11 = 0
pv143Mod12 = 0
pv143Mod13 = 0
pv143Mod14 = 0
