[PVData]
pvOwner = Nadie
pvPosX = 0.000000
pvPosY = 0.000000
pvPosZ = 0.000000
pvPosR = 0.000000
pvVW = 0
pvModel = 0
pvLock = 0
pvLocked = 0
pvPaintJob = 0
pvColor1 = 0
pvColor2 = 0
pvAllowPlayer = 
pvAllowedPlayerId = 0
pvPark = 0
pvStereo = 0
pvNumberPlate = 
pvPrice = 0
pvTicket = 0
pvImpounded = 0
pvFuel = 0
pvHealth = 0.000000
pvSpawned = 0
pvEnVenta = 0
pvEnVentaP = 0
pv142Weapon0 = 0
pv142Municion0 = 0
pv142Weapon1 = 0
pv142Municion1 = 0
pv142Weapon2 = 0
pv142Municion2 = 0
pv142Mod0 = 0
pv142Mod1 = 0
pv142Mod2 = 0
pv142Mod3 = 0
pv142Mod4 = 0
pv142Mod5 = 0
pv142Mod6 = 0
pv142Mod7 = 0
pv142Mod8 = 0
pv142Mod9 = 0
pv142Mod10 = 0
pv142Mod11 = 0
pv142Mod12 = 0
pv142Mod13 = 0
pv142Mod14 = 0
