[PVData]
pvOwner = Nadie
pvPosX = 0.000000
pvPosY = 0.000000
pvPosZ = 0.000000
pvPosR = 0.000000
pvVW = 0
pvModel = 0
pvLock = 0
pvLocked = 0
pvPaintJob = 0
pvColor1 = 0
pvColor2 = 0
pvAllowPlayer = 
pvAllowedPlayerId = 0
pvPark = 0
pvStereo = 0
pvNumberPlate = 
pvPrice = 0
pvTicket = 0
pvImpounded = 0
pvFuel = 0
pvHealth = 0.000000
pvSpawned = 0
pvEnVenta = 0
pvEnVentaP = 0
pv145Weapon0 = 0
pv145Municion0 = 0
pv145Weapon1 = 0
pv145Municion1 = 0
pv145Weapon2 = 0
pv145Municion2 = 0
pv145Mod0 = 0
pv145Mod1 = 0
pv145Mod2 = 0
pv145Mod3 = 0
pv145Mod4 = 0
pv145Mod5 = 0
pv145Mod6 = 0
pv145Mod7 = 0
pv145Mod8 = 0
pv145Mod9 = 0
pv145Mod10 = 0
pv145Mod11 = 0
pv145Mod12 = 0
pv145Mod13 = 0
pv145Mod14 = 0
