[PVData]
pvOwner = Nadie
pvPosX = 0.000000
pvPosY = 0.000000
pvPosZ = 0.000000
pvPosR = 0.000000
pvVW = 0
pvModel = 0
pvLock = 0
pvLocked = 0
pvPaintJob = 0
pvColor1 = 0
pvColor2 = 0
pvAllowPlayer = 
pvAllowedPlayerId = 0
pvPark = 0
pvStereo = 0
pvNumberPlate = 
pvPrice = 0
pvTicket = 0
pvImpounded = 0
pvFuel = 0
pvHealth = 0.000000
pvSpawned = 0
pvEnVenta = 0
pvEnVentaP = 0
pv14Weapon0 = 0
pv14Municion0 = 0
pv14Weapon1 = 0
pv14Municion1 = 0
pv14Weapon2 = 0
pv14Municion2 = 0
pv14Mod0 = 0
pv14Mod1 = 0
pv14Mod2 = 0
pv14Mod3 = 0
pv14Mod4 = 0
pv14Mod5 = 0
pv14Mod6 = 0
pv14Mod7 = 0
pv14Mod8 = 0
pv14Mod9 = 0
pv14Mod10 = 0
pv14Mod11 = 0
pv14Mod12 = 0
pv14Mod13 = 0
pv14Mod14 = 0
