[PVData]
pvOwner = Nadie
pvPosX = 0.000000
pvPosY = 0.000000
pvPosZ = 0.000000
pvPosR = 0.000000
pvVW = 0
pvModel = 0
pvLock = 0
pvLocked = 0
pvPaintJob = 0
pvColor1 = 0
pvColor2 = 0
pvAllowPlayer = 
pvAllowedPlayerId = 0
pvPark = 0
pvStereo = 0
pvNumberPlate = 
pvPrice = 0
pvTicket = 0
pvImpounded = 0
pvFuel = 0
pvHealth = 0.000000
pvSpawned = 0
pvEnVenta = 0
pvEnVentaP = 0
pv151Weapon0 = 0
pv151Municion0 = 0
pv151Weapon1 = 0
pv151Municion1 = 0
pv151Weapon2 = 0
pv151Municion2 = 0
pv151Mod0 = 0
pv151Mod1 = 0
pv151Mod2 = 0
pv151Mod3 = 0
pv151Mod4 = 0
pv151Mod5 = 0
pv151Mod6 = 0
pv151Mod7 = 0
pv151Mod8 = 0
pv151Mod9 = 0
pv151Mod10 = 0
pv151Mod11 = 0
pv151Mod12 = 0
pv151Mod13 = 0
pv151Mod14 = 0
