[PVData]
pvOwner = Nadie
pvPosX = 0.000000
pvPosY = 0.000000
pvPosZ = 0.000000
pvPosR = 0.000000
pvVW = 0
pvModel = 0
pvLock = 0
pvLocked = 0
pvPaintJob = 0
pvColor1 = 0
pvColor2 = 0
pvAllowPlayer = 
pvAllowedPlayerId = 0
pvPark = 0
pvStereo = 0
pvNumberPlate = 
pvPrice = 0
pvTicket = 0
pvImpounded = 0
pvFuel = 0
pvHealth = 0.000000
pvSpawned = 0
pvEnVenta = 0
pvEnVentaP = 0
pv155Weapon0 = 0
pv155Municion0 = 0
pv155Weapon1 = 0
pv155Municion1 = 0
pv155Weapon2 = 0
pv155Municion2 = 0
pv155Mod0 = 0
pv155Mod1 = 0
pv155Mod2 = 0
pv155Mod3 = 0
pv155Mod4 = 0
pv155Mod5 = 0
pv155Mod6 = 0
pv155Mod7 = 0
pv155Mod8 = 0
pv155Mod9 = 0
pv155Mod10 = 0
pv155Mod11 = 0
pv155Mod12 = 0
pv155Mod13 = 0
pv155Mod14 = 0
