[PVData]
pvOwner = Nadie
pvPosX = 0.000000
pvPosY = 0.000000
pvPosZ = 0.000000
pvPosR = 0.000000
pvVW = 0
pvModel = 0
pvLock = 0
pvLocked = 0
pvPaintJob = 0
pvColor1 = 0
pvColor2 = 0
pvAllowPlayer = 
pvAllowedPlayerId = 0
pvPark = 0
pvStereo = 0
pvNumberPlate = 
pvPrice = 0
pvTicket = 0
pvImpounded = 0
pvFuel = 0
pvHealth = 0.000000
pvSpawned = 0
pvEnVenta = 0
pvEnVentaP = 0
pv152Weapon0 = 0
pv152Municion0 = 0
pv152Weapon1 = 0
pv152Municion1 = 0
pv152Weapon2 = 0
pv152Municion2 = 0
pv152Mod0 = 0
pv152Mod1 = 0
pv152Mod2 = 0
pv152Mod3 = 0
pv152Mod4 = 0
pv152Mod5 = 0
pv152Mod6 = 0
pv152Mod7 = 0
pv152Mod8 = 0
pv152Mod9 = 0
pv152Mod10 = 0
pv152Mod11 = 0
pv152Mod12 = 0
pv152Mod13 = 0
pv152Mod14 = 0
