[PVData]
pvOwner = Nadie
pvPosX = 0.000000
pvPosY = 0.000000
pvPosZ = 0.000000
pvPosR = 0.000000
pvVW = 0
pvModel = 0
pvLock = 0
pvLocked = 0
pvPaintJob = 0
pvColor1 = 0
pvColor2 = 0
pvAllowPlayer = 
pvAllowedPlayerId = 0
pvPark = 0
pvStereo = 0
pvNumberPlate = 
pvPrice = 0
pvTicket = 0
pvImpounded = 0
pvFuel = 0
pvHealth = 0.000000
pvSpawned = 0
pvEnVenta = 0
pvEnVentaP = 0
pv169Weapon0 = 0
pv169Municion0 = 0
pv169Weapon1 = 0
pv169Municion1 = 0
pv169Weapon2 = 0
pv169Municion2 = 0
pv169Mod0 = 0
pv169Mod1 = 0
pv169Mod2 = 0
pv169Mod3 = 0
pv169Mod4 = 0
pv169Mod5 = 0
pv169Mod6 = 0
pv169Mod7 = 0
pv169Mod8 = 0
pv169Mod9 = 0
pv169Mod10 = 0
pv169Mod11 = 0
pv169Mod12 = 0
pv169Mod13 = 0
pv169Mod14 = 0
