[PVData]
pvOwner = Nadie
pvPosX = 0.000000
pvPosY = 0.000000
pvPosZ = 0.000000
pvPosR = 0.000000
pvVW = 0
pvModel = 0
pvLock = 0
pvLocked = 0
pvPaintJob = 0
pvColor1 = 0
pvColor2 = 0
pvAllowPlayer = 
pvAllowedPlayerId = 0
pvPark = 0
pvStereo = 0
pvNumberPlate = 
pvPrice = 0
pvTicket = 0
pvImpounded = 0
pvFuel = 0
pvHealth = 0.000000
pvSpawned = 0
pvEnVenta = 0
pvEnVentaP = 0
pv168Weapon0 = 0
pv168Municion0 = 0
pv168Weapon1 = 0
pv168Municion1 = 0
pv168Weapon2 = 0
pv168Municion2 = 0
pv168Mod0 = 0
pv168Mod1 = 0
pv168Mod2 = 0
pv168Mod3 = 0
pv168Mod4 = 0
pv168Mod5 = 0
pv168Mod6 = 0
pv168Mod7 = 0
pv168Mod8 = 0
pv168Mod9 = 0
pv168Mod10 = 0
pv168Mod11 = 0
pv168Mod12 = 0
pv168Mod13 = 0
pv168Mod14 = 0
