[PVData]
pvOwner = Nadie
pvPosX = 0.000000
pvPosY = 0.000000
pvPosZ = 0.000000
pvPosR = 0.000000
pvVW = 0
pvModel = 0
pvLock = 0
pvLocked = 0
pvPaintJob = 0
pvColor1 = 0
pvColor2 = 0
pvAllowPlayer = 
pvAllowedPlayerId = 0
pvPark = 0
pvStereo = 0
pvNumberPlate = 
pvPrice = 0
pvTicket = 0
pvImpounded = 0
pvFuel = 0
pvHealth = 0.000000
pvSpawned = 0
pvEnVenta = 0
pvEnVentaP = 0
pv16Weapon0 = 0
pv16Municion0 = 0
pv16Weapon1 = 0
pv16Municion1 = 0
pv16Weapon2 = 0
pv16Municion2 = 0
pv16Mod0 = 0
pv16Mod1 = 0
pv16Mod2 = 0
pv16Mod3 = 0
pv16Mod4 = 0
pv16Mod5 = 0
pv16Mod6 = 0
pv16Mod7 = 0
pv16Mod8 = 0
pv16Mod9 = 0
pv16Mod10 = 0
pv16Mod11 = 0
pv16Mod12 = 0
pv16Mod13 = 0
pv16Mod14 = 0
