[PVData]
pvOwner = Nadie
pvPosX = 0.000000
pvPosY = 0.000000
pvPosZ = 0.000000
pvPosR = 0.000000
pvVW = 0
pvModel = 0
pvLock = 0
pvLocked = 0
pvPaintJob = 0
pvColor1 = 0
pvColor2 = 0
pvAllowPlayer = 
pvAllowedPlayerId = 0
pvPark = 0
pvStereo = 0
pvNumberPlate = 
pvPrice = 0
pvTicket = 0
pvImpounded = 0
pvFuel = 0
pvHealth = 0.000000
pvSpawned = 0
pvEnVenta = 0
pvEnVentaP = 0
pv165Weapon0 = 0
pv165Municion0 = 0
pv165Weapon1 = 0
pv165Municion1 = 0
pv165Weapon2 = 0
pv165Municion2 = 0
pv165Mod0 = 0
pv165Mod1 = 0
pv165Mod2 = 0
pv165Mod3 = 0
pv165Mod4 = 0
pv165Mod5 = 0
pv165Mod6 = 0
pv165Mod7 = 0
pv165Mod8 = 0
pv165Mod9 = 0
pv165Mod10 = 0
pv165Mod11 = 0
pv165Mod12 = 0
pv165Mod13 = 0
pv165Mod14 = 0
