[PVData]
pvOwner = Nadie
pvPosX = 0.000000
pvPosY = 0.000000
pvPosZ = 0.000000
pvPosR = 0.000000
pvVW = 0
pvModel = 0
pvLock = 0
pvLocked = 0
pvPaintJob = 0
pvColor1 = 0
pvColor2 = 0
pvAllowPlayer = 
pvAllowedPlayerId = 0
pvPark = 0
pvStereo = 0
pvNumberPlate = 
pvPrice = 0
pvTicket = 0
pvImpounded = 0
pvFuel = 0
pvHealth = 0.000000
pvSpawned = 0
pvEnVenta = 0
pvEnVentaP = 0
pv167Weapon0 = 0
pv167Municion0 = 0
pv167Weapon1 = 0
pv167Municion1 = 0
pv167Weapon2 = 0
pv167Municion2 = 0
pv167Mod0 = 0
pv167Mod1 = 0
pv167Mod2 = 0
pv167Mod3 = 0
pv167Mod4 = 0
pv167Mod5 = 0
pv167Mod6 = 0
pv167Mod7 = 0
pv167Mod8 = 0
pv167Mod9 = 0
pv167Mod10 = 0
pv167Mod11 = 0
pv167Mod12 = 0
pv167Mod13 = 0
pv167Mod14 = 0
