[PVData]
pvOwner = Nadie
pvPosX = 0.000000
pvPosY = 0.000000
pvPosZ = 0.000000
pvPosR = 0.000000
pvVW = 0
pvModel = 0
pvLock = 0
pvLocked = 0
pvPaintJob = 0
pvColor1 = 0
pvColor2 = 0
pvAllowPlayer = 
pvAllowedPlayerId = 0
pvPark = 0
pvStereo = 0
pvNumberPlate = 
pvPrice = 0
pvTicket = 0
pvImpounded = 0
pvFuel = 0
pvHealth = 0.000000
pvSpawned = 0
pvEnVenta = 0
pvEnVentaP = 0
pv162Weapon0 = 0
pv162Municion0 = 0
pv162Weapon1 = 0
pv162Municion1 = 0
pv162Weapon2 = 0
pv162Municion2 = 0
pv162Mod0 = 0
pv162Mod1 = 0
pv162Mod2 = 0
pv162Mod3 = 0
pv162Mod4 = 0
pv162Mod5 = 0
pv162Mod6 = 0
pv162Mod7 = 0
pv162Mod8 = 0
pv162Mod9 = 0
pv162Mod10 = 0
pv162Mod11 = 0
pv162Mod12 = 0
pv162Mod13 = 0
pv162Mod14 = 0
