[PVData]
pvOwner = Nadie
pvPosX = 0.000000
pvPosY = 0.000000
pvPosZ = 0.000000
pvPosR = 0.000000
pvVW = 0
pvModel = 0
pvLock = 0
pvLocked = 0
pvPaintJob = 0
pvColor1 = 0
pvColor2 = 0
pvAllowPlayer = 
pvAllowedPlayerId = 0
pvPark = 0
pvStereo = 0
pvNumberPlate = 
pvPrice = 0
pvTicket = 0
pvImpounded = 0
pvFuel = 0
pvHealth = 0.000000
pvSpawned = 0
pvEnVenta = 0
pvEnVentaP = 0
pv164Weapon0 = 0
pv164Municion0 = 0
pv164Weapon1 = 0
pv164Municion1 = 0
pv164Weapon2 = 0
pv164Municion2 = 0
pv164Mod0 = 0
pv164Mod1 = 0
pv164Mod2 = 0
pv164Mod3 = 0
pv164Mod4 = 0
pv164Mod5 = 0
pv164Mod6 = 0
pv164Mod7 = 0
pv164Mod8 = 0
pv164Mod9 = 0
pv164Mod10 = 0
pv164Mod11 = 0
pv164Mod12 = 0
pv164Mod13 = 0
pv164Mod14 = 0
