[PVData]
pvOwner = Nadie
pvPosX = 0.000000
pvPosY = 0.000000
pvPosZ = 0.000000
pvPosR = 0.000000
pvVW = 0
pvModel = 0
pvLock = 0
pvLocked = 0
pvPaintJob = 0
pvColor1 = 0
pvColor2 = 0
pvAllowPlayer = 
pvAllowedPlayerId = 0
pvPark = 0
pvStereo = 0
pvNumberPlate = 
pvPrice = 0
pvTicket = 0
pvImpounded = 0
pvFuel = 0
pvHealth = 0.000000
pvSpawned = 0
pvEnVenta = 0
pvEnVentaP = 0
pv166Weapon0 = 0
pv166Municion0 = 0
pv166Weapon1 = 0
pv166Municion1 = 0
pv166Weapon2 = 0
pv166Municion2 = 0
pv166Mod0 = 0
pv166Mod1 = 0
pv166Mod2 = 0
pv166Mod3 = 0
pv166Mod4 = 0
pv166Mod5 = 0
pv166Mod6 = 0
pv166Mod7 = 0
pv166Mod8 = 0
pv166Mod9 = 0
pv166Mod10 = 0
pv166Mod11 = 0
pv166Mod12 = 0
pv166Mod13 = 0
pv166Mod14 = 0
