[PVData]
pvOwner = Nadie
pvPosX = 0.000000
pvPosY = 0.000000
pvPosZ = 0.000000
pvPosR = 0.000000
pvVW = 0
pvModel = 0
pvLock = 0
pvLocked = 0
pvPaintJob = 0
pvColor1 = 0
pvColor2 = 0
pvAllowPlayer = 
pvAllowedPlayerId = 0
pvPark = 0
pvStereo = 0
pvNumberPlate = 
pvPrice = 0
pvTicket = 0
pvImpounded = 0
pvFuel = 0
pvHealth = 0.000000
pvSpawned = 0
pvEnVenta = 0
pvEnVentaP = 0
pv177Weapon0 = 0
pv177Municion0 = 0
pv177Weapon1 = 0
pv177Municion1 = 0
pv177Weapon2 = 0
pv177Municion2 = 0
pv177Mod0 = 0
pv177Mod1 = 0
pv177Mod2 = 0
pv177Mod3 = 0
pv177Mod4 = 0
pv177Mod5 = 0
pv177Mod6 = 0
pv177Mod7 = 0
pv177Mod8 = 0
pv177Mod9 = 0
pv177Mod10 = 0
pv177Mod11 = 0
pv177Mod12 = 0
pv177Mod13 = 0
pv177Mod14 = 0
