[PVData]
pvOwner = Nadie
pvPosX = 0.000000
pvPosY = 0.000000
pvPosZ = 0.000000
pvPosR = 0.000000
pvVW = 0
pvModel = 0
pvLock = 0
pvLocked = 0
pvPaintJob = 0
pvColor1 = 0
pvColor2 = 0
pvAllowPlayer = 
pvAllowedPlayerId = 0
pvPark = 0
pvStereo = 0
pvNumberPlate = 
pvPrice = 0
pvTicket = 0
pvImpounded = 0
pvFuel = 0
pvHealth = 0.000000
pvSpawned = 0
pvEnVenta = 0
pvEnVentaP = 0
pv171Weapon0 = 0
pv171Municion0 = 0
pv171Weapon1 = 0
pv171Municion1 = 0
pv171Weapon2 = 0
pv171Municion2 = 0
pv171Mod0 = 0
pv171Mod1 = 0
pv171Mod2 = 0
pv171Mod3 = 0
pv171Mod4 = 0
pv171Mod5 = 0
pv171Mod6 = 0
pv171Mod7 = 0
pv171Mod8 = 0
pv171Mod9 = 0
pv171Mod10 = 0
pv171Mod11 = 0
pv171Mod12 = 0
pv171Mod13 = 0
pv171Mod14 = 0
