[PVData]
pvOwner = Nadie
pvPosX = 0.000000
pvPosY = 0.000000
pvPosZ = 0.000000
pvPosR = 0.000000
pvVW = 0
pvModel = 0
pvLock = 0
pvLocked = 0
pvPaintJob = 0
pvColor1 = 0
pvColor2 = 0
pvAllowPlayer = 
pvAllowedPlayerId = 0
pvPark = 0
pvStereo = 0
pvNumberPlate = 
pvPrice = 0
pvTicket = 0
pvImpounded = 0
pvFuel = 0
pvHealth = 0.000000
pvSpawned = 0
pvEnVenta = 0
pvEnVentaP = 0
pv173Weapon0 = 0
pv173Municion0 = 0
pv173Weapon1 = 0
pv173Municion1 = 0
pv173Weapon2 = 0
pv173Municion2 = 0
pv173Mod0 = 0
pv173Mod1 = 0
pv173Mod2 = 0
pv173Mod3 = 0
pv173Mod4 = 0
pv173Mod5 = 0
pv173Mod6 = 0
pv173Mod7 = 0
pv173Mod8 = 0
pv173Mod9 = 0
pv173Mod10 = 0
pv173Mod11 = 0
pv173Mod12 = 0
pv173Mod13 = 0
pv173Mod14 = 0
