[PVData]
pvOwner = Nadie
pvPosX = 0.000000
pvPosY = 0.000000
pvPosZ = 0.000000
pvPosR = 0.000000
pvVW = 0
pvModel = 0
pvLock = 0
pvLocked = 0
pvPaintJob = 0
pvColor1 = 0
pvColor2 = 0
pvAllowPlayer = 
pvAllowedPlayerId = 0
pvPark = 0
pvStereo = 0
pvNumberPlate = 
pvPrice = 0
pvTicket = 0
pvImpounded = 0
pvFuel = 0
pvHealth = 0.000000
pvSpawned = 0
pvEnVenta = 0
pvEnVentaP = 0
pv178Weapon0 = 0
pv178Municion0 = 0
pv178Weapon1 = 0
pv178Municion1 = 0
pv178Weapon2 = 0
pv178Municion2 = 0
pv178Mod0 = 0
pv178Mod1 = 0
pv178Mod2 = 0
pv178Mod3 = 0
pv178Mod4 = 0
pv178Mod5 = 0
pv178Mod6 = 0
pv178Mod7 = 0
pv178Mod8 = 0
pv178Mod9 = 0
pv178Mod10 = 0
pv178Mod11 = 0
pv178Mod12 = 0
pv178Mod13 = 0
pv178Mod14 = 0
