[PVData]
pvOwner = Nadie
pvPosX = 0.000000
pvPosY = 0.000000
pvPosZ = 0.000000
pvPosR = 0.000000
pvVW = 0
pvModel = 0
pvLock = 0
pvLocked = 0
pvPaintJob = 0
pvColor1 = 0
pvColor2 = 0
pvAllowPlayer = 
pvAllowedPlayerId = 0
pvPark = 0
pvStereo = 0
pvNumberPlate = 
pvPrice = 0
pvTicket = 0
pvImpounded = 0
pvFuel = 0
pvHealth = 0.000000
pvSpawned = 0
pvEnVenta = 0
pvEnVentaP = 0
pv179Weapon0 = 0
pv179Municion0 = 0
pv179Weapon1 = 0
pv179Municion1 = 0
pv179Weapon2 = 0
pv179Municion2 = 0
pv179Mod0 = 0
pv179Mod1 = 0
pv179Mod2 = 0
pv179Mod3 = 0
pv179Mod4 = 0
pv179Mod5 = 0
pv179Mod6 = 0
pv179Mod7 = 0
pv179Mod8 = 0
pv179Mod9 = 0
pv179Mod10 = 0
pv179Mod11 = 0
pv179Mod12 = 0
pv179Mod13 = 0
pv179Mod14 = 0
