[PVData]
pvOwner = Nadie
pvPosX = 0.000000
pvPosY = 0.000000
pvPosZ = 0.000000
pvPosR = 0.000000
pvVW = 0
pvModel = 0
pvLock = 0
pvLocked = 0
pvPaintJob = 0
pvColor1 = 0
pvColor2 = 0
pvAllowPlayer = 
pvAllowedPlayerId = 0
pvPark = 0
pvStereo = 0
pvNumberPlate = 
pvPrice = 0
pvTicket = 0
pvImpounded = 0
pvFuel = 0
pvHealth = 0.000000
pvSpawned = 0
pvEnVenta = 0
pvEnVentaP = 0
pv176Weapon0 = 0
pv176Municion0 = 0
pv176Weapon1 = 0
pv176Municion1 = 0
pv176Weapon2 = 0
pv176Municion2 = 0
pv176Mod0 = 0
pv176Mod1 = 0
pv176Mod2 = 0
pv176Mod3 = 0
pv176Mod4 = 0
pv176Mod5 = 0
pv176Mod6 = 0
pv176Mod7 = 0
pv176Mod8 = 0
pv176Mod9 = 0
pv176Mod10 = 0
pv176Mod11 = 0
pv176Mod12 = 0
pv176Mod13 = 0
pv176Mod14 = 0
