[PVData]
pvOwner = Nadie
pvPosX = 0.000000
pvPosY = 0.000000
pvPosZ = 0.000000
pvPosR = 0.000000
pvVW = 0
pvModel = 0
pvLock = 0
pvLocked = 0
pvPaintJob = 0
pvColor1 = 0
pvColor2 = 0
pvAllowPlayer = 
pvAllowedPlayerId = 0
pvPark = 0
pvStereo = 0
pvNumberPlate = 
pvPrice = 0
pvTicket = 0
pvImpounded = 0
pvFuel = 0
pvHealth = 0.000000
pvSpawned = 0
pvEnVenta = 0
pvEnVentaP = 0
pv18Weapon0 = 0
pv18Municion0 = 0
pv18Weapon1 = 0
pv18Municion1 = 0
pv18Weapon2 = 0
pv18Municion2 = 0
pv18Mod0 = 0
pv18Mod1 = 0
pv18Mod2 = 0
pv18Mod3 = 0
pv18Mod4 = 0
pv18Mod5 = 0
pv18Mod6 = 0
pv18Mod7 = 0
pv18Mod8 = 0
pv18Mod9 = 0
pv18Mod10 = 0
pv18Mod11 = 0
pv18Mod12 = 0
pv18Mod13 = 0
pv18Mod14 = 0
