[PVData]
pvOwner = Nadie
pvPosX = 0.000000
pvPosY = 0.000000
pvPosZ = 0.000000
pvPosR = 0.000000
pvVW = 0
pvModel = 0
pvLock = 0
pvLocked = 0
pvPaintJob = 0
pvColor1 = 0
pvColor2 = 0
pvAllowPlayer = 
pvAllowedPlayerId = 0
pvPark = 0
pvStereo = 0
pvNumberPlate = 
pvPrice = 0
pvTicket = 0
pvImpounded = 0
pvFuel = 0
pvHealth = 0.000000
pvSpawned = 0
pvEnVenta = 0
pvEnVentaP = 0
pv186Weapon0 = 0
pv186Municion0 = 0
pv186Weapon1 = 0
pv186Municion1 = 0
pv186Weapon2 = 0
pv186Municion2 = 0
pv186Mod0 = 0
pv186Mod1 = 0
pv186Mod2 = 0
pv186Mod3 = 0
pv186Mod4 = 0
pv186Mod5 = 0
pv186Mod6 = 0
pv186Mod7 = 0
pv186Mod8 = 0
pv186Mod9 = 0
pv186Mod10 = 0
pv186Mod11 = 0
pv186Mod12 = 0
pv186Mod13 = 0
pv186Mod14 = 0
