[PVData]
pvOwner = Nadie
pvPosX = 0.000000
pvPosY = 0.000000
pvPosZ = 0.000000
pvPosR = 0.000000
pvVW = 0
pvModel = 0
pvLock = 0
pvLocked = 0
pvPaintJob = 0
pvColor1 = 0
pvColor2 = 0
pvAllowPlayer = 
pvAllowedPlayerId = 0
pvPark = 0
pvStereo = 0
pvNumberPlate = 
pvPrice = 0
pvTicket = 0
pvImpounded = 0
pvFuel = 0
pvHealth = 0.000000
pvSpawned = 0
pvEnVenta = 0
pvEnVentaP = 0
pv189Weapon0 = 0
pv189Municion0 = 0
pv189Weapon1 = 0
pv189Municion1 = 0
pv189Weapon2 = 0
pv189Municion2 = 0
pv189Mod0 = 0
pv189Mod1 = 0
pv189Mod2 = 0
pv189Mod3 = 0
pv189Mod4 = 0
pv189Mod5 = 0
pv189Mod6 = 0
pv189Mod7 = 0
pv189Mod8 = 0
pv189Mod9 = 0
pv189Mod10 = 0
pv189Mod11 = 0
pv189Mod12 = 0
pv189Mod13 = 0
pv189Mod14 = 0
