[PVData]
pvOwner = Nadie
pvPosX = 0.000000
pvPosY = 0.000000
pvPosZ = 0.000000
pvPosR = 0.000000
pvVW = 0
pvModel = 0
pvLock = 0
pvLocked = 0
pvPaintJob = 0
pvColor1 = 0
pvColor2 = 0
pvAllowPlayer = 
pvAllowedPlayerId = 0
pvPark = 0
pvStereo = 0
pvNumberPlate = 
pvPrice = 0
pvTicket = 0
pvImpounded = 0
pvFuel = 0
pvHealth = 0.000000
pvSpawned = 0
pvEnVenta = 0
pvEnVentaP = 0
pv180Weapon0 = 0
pv180Municion0 = 0
pv180Weapon1 = 0
pv180Municion1 = 0
pv180Weapon2 = 0
pv180Municion2 = 0
pv180Mod0 = 0
pv180Mod1 = 0
pv180Mod2 = 0
pv180Mod3 = 0
pv180Mod4 = 0
pv180Mod5 = 0
pv180Mod6 = 0
pv180Mod7 = 0
pv180Mod8 = 0
pv180Mod9 = 0
pv180Mod10 = 0
pv180Mod11 = 0
pv180Mod12 = 0
pv180Mod13 = 0
pv180Mod14 = 0
