[PVData]
pvOwner = Nadie
pvPosX = 0.000000
pvPosY = 0.000000
pvPosZ = 0.000000
pvPosR = 0.000000
pvVW = 0
pvModel = 0
pvLock = 0
pvLocked = 0
pvPaintJob = 0
pvColor1 = 0
pvColor2 = 0
pvAllowPlayer = 
pvAllowedPlayerId = 0
pvPark = 0
pvStereo = 0
pvNumberPlate = 
pvPrice = 0
pvTicket = 0
pvImpounded = 0
pvFuel = 0
pvHealth = 0.000000
pvSpawned = 0
pvEnVenta = 0
pvEnVentaP = 0
pv187Weapon0 = 0
pv187Municion0 = 0
pv187Weapon1 = 0
pv187Municion1 = 0
pv187Weapon2 = 0
pv187Municion2 = 0
pv187Mod0 = 0
pv187Mod1 = 0
pv187Mod2 = 0
pv187Mod3 = 0
pv187Mod4 = 0
pv187Mod5 = 0
pv187Mod6 = 0
pv187Mod7 = 0
pv187Mod8 = 0
pv187Mod9 = 0
pv187Mod10 = 0
pv187Mod11 = 0
pv187Mod12 = 0
pv187Mod13 = 0
pv187Mod14 = 0
