[PVData]
pvOwner = Nadie
pvPosX = 0.000000
pvPosY = 0.000000
pvPosZ = 0.000000
pvPosR = 0.000000
pvVW = 0
pvModel = 0
pvLock = 0
pvLocked = 0
pvPaintJob = 0
pvColor1 = 0
pvColor2 = 0
pvAllowPlayer = 
pvAllowedPlayerId = 0
pvPark = 0
pvStereo = 0
pvNumberPlate = 
pvPrice = 0
pvTicket = 0
pvImpounded = 0
pvFuel = 0
pvHealth = 0.000000
pvSpawned = 0
pvEnVenta = 0
pvEnVentaP = 0
pv182Weapon0 = 0
pv182Municion0 = 0
pv182Weapon1 = 0
pv182Municion1 = 0
pv182Weapon2 = 0
pv182Municion2 = 0
pv182Mod0 = 0
pv182Mod1 = 0
pv182Mod2 = 0
pv182Mod3 = 0
pv182Mod4 = 0
pv182Mod5 = 0
pv182Mod6 = 0
pv182Mod7 = 0
pv182Mod8 = 0
pv182Mod9 = 0
pv182Mod10 = 0
pv182Mod11 = 0
pv182Mod12 = 0
pv182Mod13 = 0
pv182Mod14 = 0
