[PVData]
pvOwner = Nadie
pvPosX = 0.000000
pvPosY = 0.000000
pvPosZ = 0.000000
pvPosR = 0.000000
pvVW = 0
pvModel = 0
pvLock = 0
pvLocked = 0
pvPaintJob = 0
pvColor1 = 0
pvColor2 = 0
pvAllowPlayer = 
pvAllowedPlayerId = 0
pvPark = 0
pvStereo = 0
pvNumberPlate = 
pvPrice = 0
pvTicket = 0
pvImpounded = 0
pvFuel = 0
pvHealth = 0.000000
pvSpawned = 0
pvEnVenta = 0
pvEnVentaP = 0
pv184Weapon0 = 0
pv184Municion0 = 0
pv184Weapon1 = 0
pv184Municion1 = 0
pv184Weapon2 = 0
pv184Municion2 = 0
pv184Mod0 = 0
pv184Mod1 = 0
pv184Mod2 = 0
pv184Mod3 = 0
pv184Mod4 = 0
pv184Mod5 = 0
pv184Mod6 = 0
pv184Mod7 = 0
pv184Mod8 = 0
pv184Mod9 = 0
pv184Mod10 = 0
pv184Mod11 = 0
pv184Mod12 = 0
pv184Mod13 = 0
pv184Mod14 = 0
