[PVData]
pvOwner = Nadie
pvPosX = 0.000000
pvPosY = 0.000000
pvPosZ = 0.000000
pvPosR = 0.000000
pvVW = 0
pvModel = 0
pvLock = 0
pvLocked = 0
pvPaintJob = 0
pvColor1 = 0
pvColor2 = 0
pvAllowPlayer = 
pvAllowedPlayerId = 0
pvPark = 0
pvStereo = 0
pvNumberPlate = 
pvPrice = 0
pvTicket = 0
pvImpounded = 0
pvFuel = 0
pvHealth = 0.000000
pvSpawned = 0
pvEnVenta = 0
pvEnVentaP = 0
pv181Weapon0 = 0
pv181Municion0 = 0
pv181Weapon1 = 0
pv181Municion1 = 0
pv181Weapon2 = 0
pv181Municion2 = 0
pv181Mod0 = 0
pv181Mod1 = 0
pv181Mod2 = 0
pv181Mod3 = 0
pv181Mod4 = 0
pv181Mod5 = 0
pv181Mod6 = 0
pv181Mod7 = 0
pv181Mod8 = 0
pv181Mod9 = 0
pv181Mod10 = 0
pv181Mod11 = 0
pv181Mod12 = 0
pv181Mod13 = 0
pv181Mod14 = 0
