[PVData]
pvOwner = Nadie
pvPosX = 0.000000
pvPosY = 0.000000
pvPosZ = 0.000000
pvPosR = 0.000000
pvVW = 0
pvModel = 0
pvLock = 0
pvLocked = 0
pvPaintJob = 0
pvColor1 = 0
pvColor2 = 0
pvAllowPlayer = 
pvAllowedPlayerId = 0
pvPark = 0
pvStereo = 0
pvNumberPlate = 
pvPrice = 0
pvTicket = 0
pvImpounded = 0
pvFuel = 0
pvHealth = 0.000000
pvSpawned = 0
pvEnVenta = 0
pvEnVentaP = 0
pv183Weapon0 = 0
pv183Municion0 = 0
pv183Weapon1 = 0
pv183Municion1 = 0
pv183Weapon2 = 0
pv183Municion2 = 0
pv183Mod0 = 0
pv183Mod1 = 0
pv183Mod2 = 0
pv183Mod3 = 0
pv183Mod4 = 0
pv183Mod5 = 0
pv183Mod6 = 0
pv183Mod7 = 0
pv183Mod8 = 0
pv183Mod9 = 0
pv183Mod10 = 0
pv183Mod11 = 0
pv183Mod12 = 0
pv183Mod13 = 0
pv183Mod14 = 0
