[PVData]
pvOwner = Nadie
pvPosX = 0.000000
pvPosY = 0.000000
pvPosZ = 0.000000
pvPosR = 0.000000
pvVW = 0
pvModel = 0
pvLock = 0
pvLocked = 0
pvPaintJob = 0
pvColor1 = 0
pvColor2 = 0
pvAllowPlayer = 
pvAllowedPlayerId = 0
pvPark = 0
pvStereo = 0
pvNumberPlate = 
pvPrice = 0
pvTicket = 0
pvImpounded = 0
pvFuel = 0
pvHealth = 0.000000
pvSpawned = 0
pvEnVenta = 0
pvEnVentaP = 0
pv194Weapon0 = 0
pv194Municion0 = 0
pv194Weapon1 = 0
pv194Municion1 = 0
pv194Weapon2 = 0
pv194Municion2 = 0
pv194Mod0 = 0
pv194Mod1 = 0
pv194Mod2 = 0
pv194Mod3 = 0
pv194Mod4 = 0
pv194Mod5 = 0
pv194Mod6 = 0
pv194Mod7 = 0
pv194Mod8 = 0
pv194Mod9 = 0
pv194Mod10 = 0
pv194Mod11 = 0
pv194Mod12 = 0
pv194Mod13 = 0
pv194Mod14 = 0
