[PVData]
pvOwner = Nadie
pvPosX = 0.000000
pvPosY = 0.000000
pvPosZ = 0.000000
pvPosR = 0.000000
pvVW = 0
pvModel = 0
pvLock = 0
pvLocked = 0
pvPaintJob = 0
pvColor1 = 0
pvColor2 = 0
pvAllowPlayer = 
pvAllowedPlayerId = 0
pvPark = 0
pvStereo = 0
pvNumberPlate = 
pvPrice = 0
pvTicket = 0
pvImpounded = 0
pvFuel = 0
pvHealth = 0.000000
pvSpawned = 0
pvEnVenta = 0
pvEnVentaP = 0
pv195Weapon0 = 0
pv195Municion0 = 0
pv195Weapon1 = 0
pv195Municion1 = 0
pv195Weapon2 = 0
pv195Municion2 = 0
pv195Mod0 = 0
pv195Mod1 = 0
pv195Mod2 = 0
pv195Mod3 = 0
pv195Mod4 = 0
pv195Mod5 = 0
pv195Mod6 = 0
pv195Mod7 = 0
pv195Mod8 = 0
pv195Mod9 = 0
pv195Mod10 = 0
pv195Mod11 = 0
pv195Mod12 = 0
pv195Mod13 = 0
pv195Mod14 = 0
