[PVData]
pvOwner = Nadie
pvPosX = 0.000000
pvPosY = 0.000000
pvPosZ = 0.000000
pvPosR = 0.000000
pvVW = 0
pvModel = 0
pvLock = 0
pvLocked = 0
pvPaintJob = 0
pvColor1 = 0
pvColor2 = 0
pvAllowPlayer = 
pvAllowedPlayerId = 0
pvPark = 0
pvStereo = 0
pvNumberPlate = 
pvPrice = 0
pvTicket = 0
pvImpounded = 0
pvFuel = 0
pvHealth = 0.000000
pvSpawned = 0
pvEnVenta = 0
pvEnVentaP = 0
pv198Weapon0 = 0
pv198Municion0 = 0
pv198Weapon1 = 0
pv198Municion1 = 0
pv198Weapon2 = 0
pv198Municion2 = 0
pv198Mod0 = 0
pv198Mod1 = 0
pv198Mod2 = 0
pv198Mod3 = 0
pv198Mod4 = 0
pv198Mod5 = 0
pv198Mod6 = 0
pv198Mod7 = 0
pv198Mod8 = 0
pv198Mod9 = 0
pv198Mod10 = 0
pv198Mod11 = 0
pv198Mod12 = 0
pv198Mod13 = 0
pv198Mod14 = 0
