[PVData]
pvOwner = Nadie
pvPosX = 0.000000
pvPosY = 0.000000
pvPosZ = 0.000000
pvPosR = 0.000000
pvVW = 0
pvModel = 0
pvLock = 0
pvLocked = 0
pvPaintJob = 0
pvColor1 = 0
pvColor2 = 0
pvAllowPlayer = 
pvAllowedPlayerId = 0
pvPark = 0
pvStereo = 0
pvNumberPlate = 
pvPrice = 0
pvTicket = 0
pvImpounded = 0
pvFuel = 0
pvHealth = 0.000000
pvSpawned = 0
pvEnVenta = 0
pvEnVentaP = 0
pv209Weapon0 = 0
pv209Municion0 = 0
pv209Weapon1 = 0
pv209Municion1 = 0
pv209Weapon2 = 0
pv209Municion2 = 0
pv209Mod0 = 0
pv209Mod1 = 0
pv209Mod2 = 0
pv209Mod3 = 0
pv209Mod4 = 0
pv209Mod5 = 0
pv209Mod6 = 0
pv209Mod7 = 0
pv209Mod8 = 0
pv209Mod9 = 0
pv209Mod10 = 0
pv209Mod11 = 0
pv209Mod12 = 0
pv209Mod13 = 0
pv209Mod14 = 0
