[PVData]
pvOwner = Nadie
pvPosX = 0.000000
pvPosY = 0.000000
pvPosZ = 0.000000
pvPosR = 0.000000
pvVW = 0
pvModel = 0
pvLock = 0
pvLocked = 0
pvPaintJob = 0
pvColor1 = 0
pvColor2 = 0
pvAllowPlayer = 
pvAllowedPlayerId = 0
pvPark = 0
pvStereo = 0
pvNumberPlate = 
pvPrice = 0
pvTicket = 0
pvImpounded = 0
pvFuel = 0
pvHealth = 0.000000
pvSpawned = 0
pvEnVenta = 0
pvEnVentaP = 0
pv206Weapon0 = 0
pv206Municion0 = 0
pv206Weapon1 = 0
pv206Municion1 = 0
pv206Weapon2 = 0
pv206Municion2 = 0
pv206Mod0 = 0
pv206Mod1 = 0
pv206Mod2 = 0
pv206Mod3 = 0
pv206Mod4 = 0
pv206Mod5 = 0
pv206Mod6 = 0
pv206Mod7 = 0
pv206Mod8 = 0
pv206Mod9 = 0
pv206Mod10 = 0
pv206Mod11 = 0
pv206Mod12 = 0
pv206Mod13 = 0
pv206Mod14 = 0
