[PVData]
pvOwner = Nadie
pvPosX = 0.000000
pvPosY = 0.000000
pvPosZ = 0.000000
pvPosR = 0.000000
pvVW = 0
pvModel = 0
pvLock = 0
pvLocked = 0
pvPaintJob = 0
pvColor1 = 0
pvColor2 = 0
pvAllowPlayer = 
pvAllowedPlayerId = 0
pvPark = 0
pvStereo = 0
pvNumberPlate = 
pvPrice = 0
pvTicket = 0
pvImpounded = 0
pvFuel = 0
pvHealth = 0.000000
pvSpawned = 0
pvEnVenta = 0
pvEnVentaP = 0
pv204Weapon0 = 0
pv204Municion0 = 0
pv204Weapon1 = 0
pv204Municion1 = 0
pv204Weapon2 = 0
pv204Municion2 = 0
pv204Mod0 = 0
pv204Mod1 = 0
pv204Mod2 = 0
pv204Mod3 = 0
pv204Mod4 = 0
pv204Mod5 = 0
pv204Mod6 = 0
pv204Mod7 = 0
pv204Mod8 = 0
pv204Mod9 = 0
pv204Mod10 = 0
pv204Mod11 = 0
pv204Mod12 = 0
pv204Mod13 = 0
pv204Mod14 = 0
