[PVData]
pvOwner = Nadie
pvPosX = 0.000000
pvPosY = 0.000000
pvPosZ = 0.000000
pvPosR = 0.000000
pvVW = 0
pvModel = 0
pvLock = 0
pvLocked = 0
pvPaintJob = 0
pvColor1 = 0
pvColor2 = 0
pvAllowPlayer = 
pvAllowedPlayerId = 0
pvPark = 0
pvStereo = 0
pvNumberPlate = 
pvPrice = 0
pvTicket = 0
pvImpounded = 0
pvFuel = 0
pvHealth = 0.000000
pvSpawned = 0
pvEnVenta = 0
pvEnVentaP = 0
pv205Weapon0 = 0
pv205Municion0 = 0
pv205Weapon1 = 0
pv205Municion1 = 0
pv205Weapon2 = 0
pv205Municion2 = 0
pv205Mod0 = 0
pv205Mod1 = 0
pv205Mod2 = 0
pv205Mod3 = 0
pv205Mod4 = 0
pv205Mod5 = 0
pv205Mod6 = 0
pv205Mod7 = 0
pv205Mod8 = 0
pv205Mod9 = 0
pv205Mod10 = 0
pv205Mod11 = 0
pv205Mod12 = 0
pv205Mod13 = 0
pv205Mod14 = 0
