[PVData]
pvOwner = Nadie
pvPosX = 0.000000
pvPosY = 0.000000
pvPosZ = 0.000000
pvPosR = 0.000000
pvVW = 0
pvModel = 0
pvLock = 0
pvLocked = 0
pvPaintJob = 0
pvColor1 = 0
pvColor2 = 0
pvAllowPlayer = 
pvAllowedPlayerId = 0
pvPark = 0
pvStereo = 0
pvNumberPlate = 
pvPrice = 0
pvTicket = 0
pvImpounded = 0
pvFuel = 0
pvHealth = 0.000000
pvSpawned = 0
pvEnVenta = 0
pvEnVentaP = 0
pv208Weapon0 = 0
pv208Municion0 = 0
pv208Weapon1 = 0
pv208Municion1 = 0
pv208Weapon2 = 0
pv208Municion2 = 0
pv208Mod0 = 0
pv208Mod1 = 0
pv208Mod2 = 0
pv208Mod3 = 0
pv208Mod4 = 0
pv208Mod5 = 0
pv208Mod6 = 0
pv208Mod7 = 0
pv208Mod8 = 0
pv208Mod9 = 0
pv208Mod10 = 0
pv208Mod11 = 0
pv208Mod12 = 0
pv208Mod13 = 0
pv208Mod14 = 0
