[PVData]
pvOwner = Nadie
pvPosX = 0.000000
pvPosY = 0.000000
pvPosZ = 0.000000
pvPosR = 0.000000
pvVW = 0
pvModel = 0
pvLock = 0
pvLocked = 0
pvPaintJob = 0
pvColor1 = 0
pvColor2 = 0
pvAllowPlayer = 
pvAllowedPlayerId = 0
pvPark = 0
pvStereo = 0
pvNumberPlate = 
pvPrice = 0
pvTicket = 0
pvImpounded = 0
pvFuel = 0
pvHealth = 0.000000
pvSpawned = 0
pvEnVenta = 0
pvEnVentaP = 0
pv203Weapon0 = 0
pv203Municion0 = 0
pv203Weapon1 = 0
pv203Municion1 = 0
pv203Weapon2 = 0
pv203Municion2 = 0
pv203Mod0 = 0
pv203Mod1 = 0
pv203Mod2 = 0
pv203Mod3 = 0
pv203Mod4 = 0
pv203Mod5 = 0
pv203Mod6 = 0
pv203Mod7 = 0
pv203Mod8 = 0
pv203Mod9 = 0
pv203Mod10 = 0
pv203Mod11 = 0
pv203Mod12 = 0
pv203Mod13 = 0
pv203Mod14 = 0
