[PVData]
pvOwner = Nadie
pvPosX = 0.000000
pvPosY = 0.000000
pvPosZ = 0.000000
pvPosR = 0.000000
pvVW = 0
pvModel = 0
pvLock = 0
pvLocked = 0
pvPaintJob = 0
pvColor1 = 0
pvColor2 = 0
pvAllowPlayer = 
pvAllowedPlayerId = 0
pvPark = 0
pvStereo = 0
pvNumberPlate = 
pvPrice = 0
pvTicket = 0
pvImpounded = 0
pvFuel = 0
pvHealth = 0.000000
pvSpawned = 0
pvEnVenta = 0
pvEnVentaP = 0
pv200Weapon0 = 0
pv200Municion0 = 0
pv200Weapon1 = 0
pv200Municion1 = 0
pv200Weapon2 = 0
pv200Municion2 = 0
pv200Mod0 = 0
pv200Mod1 = 0
pv200Mod2 = 0
pv200Mod3 = 0
pv200Mod4 = 0
pv200Mod5 = 0
pv200Mod6 = 0
pv200Mod7 = 0
pv200Mod8 = 0
pv200Mod9 = 0
pv200Mod10 = 0
pv200Mod11 = 0
pv200Mod12 = 0
pv200Mod13 = 0
pv200Mod14 = 0
