[PVData]
pvOwner = Nadie
pvPosX = 0.000000
pvPosY = 0.000000
pvPosZ = 0.000000
pvPosR = 0.000000
pvVW = 0
pvModel = 0
pvLock = 0
pvLocked = 0
pvPaintJob = 0
pvColor1 = 0
pvColor2 = 0
pvAllowPlayer = 
pvAllowedPlayerId = 0
pvPark = 0
pvStereo = 0
pvNumberPlate = 
pvPrice = 0
pvTicket = 0
pvImpounded = 0
pvFuel = 0
pvHealth = 0.000000
pvSpawned = 0
pvEnVenta = 0
pvEnVentaP = 0
pv201Weapon0 = 0
pv201Municion0 = 0
pv201Weapon1 = 0
pv201Municion1 = 0
pv201Weapon2 = 0
pv201Municion2 = 0
pv201Mod0 = 0
pv201Mod1 = 0
pv201Mod2 = 0
pv201Mod3 = 0
pv201Mod4 = 0
pv201Mod5 = 0
pv201Mod6 = 0
pv201Mod7 = 0
pv201Mod8 = 0
pv201Mod9 = 0
pv201Mod10 = 0
pv201Mod11 = 0
pv201Mod12 = 0
pv201Mod13 = 0
pv201Mod14 = 0
