[PVData]
pvOwner = Nadie
pvPosX = 0.000000
pvPosY = 0.000000
pvPosZ = 0.000000
pvPosR = 0.000000
pvVW = 0
pvModel = 0
pvLock = 0
pvLocked = 0
pvPaintJob = 0
pvColor1 = 0
pvColor2 = 0
pvAllowPlayer = 
pvAllowedPlayerId = 0
pvPark = 0
pvStereo = 0
pvNumberPlate = 
pvPrice = 0
pvTicket = 0
pvImpounded = 0
pvFuel = 0
pvHealth = 0.000000
pvSpawned = 0
pvEnVenta = 0
pvEnVentaP = 0
pv211Weapon0 = 0
pv211Municion0 = 0
pv211Weapon1 = 0
pv211Municion1 = 0
pv211Weapon2 = 0
pv211Municion2 = 0
pv211Mod0 = 0
pv211Mod1 = 0
pv211Mod2 = 0
pv211Mod3 = 0
pv211Mod4 = 0
pv211Mod5 = 0
pv211Mod6 = 0
pv211Mod7 = 0
pv211Mod8 = 0
pv211Mod9 = 0
pv211Mod10 = 0
pv211Mod11 = 0
pv211Mod12 = 0
pv211Mod13 = 0
pv211Mod14 = 0
