[PVData]
pvOwner = Nadie
pvPosX = 0.000000
pvPosY = 0.000000
pvPosZ = 0.000000
pvPosR = 0.000000
pvVW = 0
pvModel = 0
pvLock = 0
pvLocked = 0
pvPaintJob = 0
pvColor1 = 0
pvColor2 = 0
pvAllowPlayer = 
pvAllowedPlayerId = 0
pvPark = 0
pvStereo = 0
pvNumberPlate = 
pvPrice = 0
pvTicket = 0
pvImpounded = 0
pvFuel = 0
pvHealth = 0.000000
pvSpawned = 0
pvEnVenta = 0
pvEnVentaP = 0
pv217Weapon0 = 0
pv217Municion0 = 0
pv217Weapon1 = 0
pv217Municion1 = 0
pv217Weapon2 = 0
pv217Municion2 = 0
pv217Mod0 = 0
pv217Mod1 = 0
pv217Mod2 = 0
pv217Mod3 = 0
pv217Mod4 = 0
pv217Mod5 = 0
pv217Mod6 = 0
pv217Mod7 = 0
pv217Mod8 = 0
pv217Mod9 = 0
pv217Mod10 = 0
pv217Mod11 = 0
pv217Mod12 = 0
pv217Mod13 = 0
pv217Mod14 = 0
