[PVData]
pvOwner = Nadie
pvPosX = 0.000000
pvPosY = 0.000000
pvPosZ = 0.000000
pvPosR = 0.000000
pvVW = 0
pvModel = 0
pvLock = 0
pvLocked = 0
pvPaintJob = 0
pvColor1 = 0
pvColor2 = 0
pvAllowPlayer = 
pvAllowedPlayerId = 0
pvPark = 0
pvStereo = 0
pvNumberPlate = 
pvPrice = 0
pvTicket = 0
pvImpounded = 0
pvFuel = 0
pvHealth = 0.000000
pvSpawned = 0
pvEnVenta = 0
pvEnVentaP = 0
pv218Weapon0 = 0
pv218Municion0 = 0
pv218Weapon1 = 0
pv218Municion1 = 0
pv218Weapon2 = 0
pv218Municion2 = 0
pv218Mod0 = 0
pv218Mod1 = 0
pv218Mod2 = 0
pv218Mod3 = 0
pv218Mod4 = 0
pv218Mod5 = 0
pv218Mod6 = 0
pv218Mod7 = 0
pv218Mod8 = 0
pv218Mod9 = 0
pv218Mod10 = 0
pv218Mod11 = 0
pv218Mod12 = 0
pv218Mod13 = 0
pv218Mod14 = 0
