[PVData]
pvOwner = Nadie
pvPosX = 0.000000
pvPosY = 0.000000
pvPosZ = 0.000000
pvPosR = 0.000000
pvVW = 0
pvModel = 0
pvLock = 0
pvLocked = 0
pvPaintJob = 0
pvColor1 = 0
pvColor2 = 0
pvAllowPlayer = 
pvAllowedPlayerId = 0
pvPark = 0
pvStereo = 0
pvNumberPlate = 
pvPrice = 0
pvTicket = 0
pvImpounded = 0
pvFuel = 0
pvHealth = 0.000000
pvSpawned = 0
pvEnVenta = 0
pvEnVentaP = 0
pv215Weapon0 = 0
pv215Municion0 = 0
pv215Weapon1 = 0
pv215Municion1 = 0
pv215Weapon2 = 0
pv215Municion2 = 0
pv215Mod0 = 0
pv215Mod1 = 0
pv215Mod2 = 0
pv215Mod3 = 0
pv215Mod4 = 0
pv215Mod5 = 0
pv215Mod6 = 0
pv215Mod7 = 0
pv215Mod8 = 0
pv215Mod9 = 0
pv215Mod10 = 0
pv215Mod11 = 0
pv215Mod12 = 0
pv215Mod13 = 0
pv215Mod14 = 0
