[PVData]
pvOwner = Nadie
pvPosX = 0.000000
pvPosY = 0.000000
pvPosZ = 0.000000
pvPosR = 0.000000
pvVW = 0
pvModel = 0
pvLock = 0
pvLocked = 0
pvPaintJob = 0
pvColor1 = 0
pvColor2 = 0
pvAllowPlayer = 
pvAllowedPlayerId = 0
pvPark = 0
pvStereo = 0
pvNumberPlate = 
pvPrice = 0
pvTicket = 0
pvImpounded = 0
pvFuel = 0
pvHealth = 0.000000
pvSpawned = 0
pvEnVenta = 0
pvEnVentaP = 0
pv212Weapon0 = 0
pv212Municion0 = 0
pv212Weapon1 = 0
pv212Municion1 = 0
pv212Weapon2 = 0
pv212Municion2 = 0
pv212Mod0 = 0
pv212Mod1 = 0
pv212Mod2 = 0
pv212Mod3 = 0
pv212Mod4 = 0
pv212Mod5 = 0
pv212Mod6 = 0
pv212Mod7 = 0
pv212Mod8 = 0
pv212Mod9 = 0
pv212Mod10 = 0
pv212Mod11 = 0
pv212Mod12 = 0
pv212Mod13 = 0
pv212Mod14 = 0
