[PVData]
pvOwner = Nadie
pvPosX = 0.000000
pvPosY = 0.000000
pvPosZ = 0.000000
pvPosR = 0.000000
pvVW = 0
pvModel = 0
pvLock = 0
pvLocked = 0
pvPaintJob = 0
pvColor1 = 0
pvColor2 = 0
pvAllowPlayer = 
pvAllowedPlayerId = 0
pvPark = 0
pvStereo = 0
pvNumberPlate = 
pvPrice = 0
pvTicket = 0
pvImpounded = 0
pvFuel = 0
pvHealth = 0.000000
pvSpawned = 0
pvEnVenta = 0
pvEnVentaP = 0
pv226Weapon0 = 0
pv226Municion0 = 0
pv226Weapon1 = 0
pv226Municion1 = 0
pv226Weapon2 = 0
pv226Municion2 = 0
pv226Mod0 = 0
pv226Mod1 = 0
pv226Mod2 = 0
pv226Mod3 = 0
pv226Mod4 = 0
pv226Mod5 = 0
pv226Mod6 = 0
pv226Mod7 = 0
pv226Mod8 = 0
pv226Mod9 = 0
pv226Mod10 = 0
pv226Mod11 = 0
pv226Mod12 = 0
pv226Mod13 = 0
pv226Mod14 = 0
