[PVData]
pvOwner = Nadie
pvPosX = 0.000000
pvPosY = 0.000000
pvPosZ = 0.000000
pvPosR = 0.000000
pvVW = 0
pvModel = 0
pvLock = 0
pvLocked = 0
pvPaintJob = 0
pvColor1 = 0
pvColor2 = 0
pvAllowPlayer = 
pvAllowedPlayerId = 0
pvPark = 0
pvStereo = 0
pvNumberPlate = 
pvPrice = 0
pvTicket = 0
pvImpounded = 0
pvFuel = 0
pvHealth = 0.000000
pvSpawned = 0
pvEnVenta = 0
pvEnVentaP = 0
pv224Weapon0 = 0
pv224Municion0 = 0
pv224Weapon1 = 0
pv224Municion1 = 0
pv224Weapon2 = 0
pv224Municion2 = 0
pv224Mod0 = 0
pv224Mod1 = 0
pv224Mod2 = 0
pv224Mod3 = 0
pv224Mod4 = 0
pv224Mod5 = 0
pv224Mod6 = 0
pv224Mod7 = 0
pv224Mod8 = 0
pv224Mod9 = 0
pv224Mod10 = 0
pv224Mod11 = 0
pv224Mod12 = 0
pv224Mod13 = 0
pv224Mod14 = 0
