[PVData]
pvOwner = Nadie
pvPosX = 0.000000
pvPosY = 0.000000
pvPosZ = 0.000000
pvPosR = 0.000000
pvVW = 0
pvModel = 0
pvLock = 0
pvLocked = 0
pvPaintJob = 0
pvColor1 = 0
pvColor2 = 0
pvAllowPlayer = 
pvAllowedPlayerId = 0
pvPark = 0
pvStereo = 0
pvNumberPlate = 
pvPrice = 0
pvTicket = 0
pvImpounded = 0
pvFuel = 0
pvHealth = 0.000000
pvSpawned = 0
pvEnVenta = 0
pvEnVentaP = 0
pv227Weapon0 = 0
pv227Municion0 = 0
pv227Weapon1 = 0
pv227Municion1 = 0
pv227Weapon2 = 0
pv227Municion2 = 0
pv227Mod0 = 0
pv227Mod1 = 0
pv227Mod2 = 0
pv227Mod3 = 0
pv227Mod4 = 0
pv227Mod5 = 0
pv227Mod6 = 0
pv227Mod7 = 0
pv227Mod8 = 0
pv227Mod9 = 0
pv227Mod10 = 0
pv227Mod11 = 0
pv227Mod12 = 0
pv227Mod13 = 0
pv227Mod14 = 0
