[PVData]
pvOwner = Nadie
pvPosX = 0.000000
pvPosY = 0.000000
pvPosZ = 0.000000
pvPosR = 0.000000
pvVW = 0
pvModel = 0
pvLock = 0
pvLocked = 0
pvPaintJob = 0
pvColor1 = 0
pvColor2 = 0
pvAllowPlayer = 
pvAllowedPlayerId = 0
pvPark = 0
pvStereo = 0
pvNumberPlate = 
pvPrice = 0
pvTicket = 0
pvImpounded = 0
pvFuel = 0
pvHealth = 0.000000
pvSpawned = 0
pvEnVenta = 0
pvEnVentaP = 0
pv22Weapon0 = 0
pv22Municion0 = 0
pv22Weapon1 = 0
pv22Municion1 = 0
pv22Weapon2 = 0
pv22Municion2 = 0
pv22Mod0 = 0
pv22Mod1 = 0
pv22Mod2 = 0
pv22Mod3 = 0
pv22Mod4 = 0
pv22Mod5 = 0
pv22Mod6 = 0
pv22Mod7 = 0
pv22Mod8 = 0
pv22Mod9 = 0
pv22Mod10 = 0
pv22Mod11 = 0
pv22Mod12 = 0
pv22Mod13 = 0
pv22Mod14 = 0
