[PVData]
pvOwner = Nadie
pvPosX = 0.000000
pvPosY = 0.000000
pvPosZ = 0.000000
pvPosR = 0.000000
pvVW = 0
pvModel = 0
pvLock = 0
pvLocked = 0
pvPaintJob = 0
pvColor1 = 0
pvColor2 = 0
pvAllowPlayer = 
pvAllowedPlayerId = 0
pvPark = 0
pvStereo = 0
pvNumberPlate = 
pvPrice = 0
pvTicket = 0
pvImpounded = 0
pvFuel = 0
pvHealth = 0.000000
pvSpawned = 0
pvEnVenta = 0
pvEnVentaP = 0
pv222Weapon0 = 0
pv222Municion0 = 0
pv222Weapon1 = 0
pv222Municion1 = 0
pv222Weapon2 = 0
pv222Municion2 = 0
pv222Mod0 = 0
pv222Mod1 = 0
pv222Mod2 = 0
pv222Mod3 = 0
pv222Mod4 = 0
pv222Mod5 = 0
pv222Mod6 = 0
pv222Mod7 = 0
pv222Mod8 = 0
pv222Mod9 = 0
pv222Mod10 = 0
pv222Mod11 = 0
pv222Mod12 = 0
pv222Mod13 = 0
pv222Mod14 = 0
