[PVData]
pvOwner = Nadie
pvPosX = 0.000000
pvPosY = 0.000000
pvPosZ = 0.000000
pvPosR = 0.000000
pvVW = 0
pvModel = 0
pvLock = 0
pvLocked = 0
pvPaintJob = 0
pvColor1 = 0
pvColor2 = 0
pvAllowPlayer = 
pvAllowedPlayerId = 0
pvPark = 0
pvStereo = 0
pvNumberPlate = 
pvPrice = 0
pvTicket = 0
pvImpounded = 0
pvFuel = 0
pvHealth = 0.000000
pvSpawned = 0
pvEnVenta = 0
pvEnVentaP = 0
pv223Weapon0 = 0
pv223Municion0 = 0
pv223Weapon1 = 0
pv223Municion1 = 0
pv223Weapon2 = 0
pv223Municion2 = 0
pv223Mod0 = 0
pv223Mod1 = 0
pv223Mod2 = 0
pv223Mod3 = 0
pv223Mod4 = 0
pv223Mod5 = 0
pv223Mod6 = 0
pv223Mod7 = 0
pv223Mod8 = 0
pv223Mod9 = 0
pv223Mod10 = 0
pv223Mod11 = 0
pv223Mod12 = 0
pv223Mod13 = 0
pv223Mod14 = 0
