[PVData]
pvOwner = Nadie
pvPosX = 0.000000
pvPosY = 0.000000
pvPosZ = 0.000000
pvPosR = 0.000000
pvVW = 0
pvModel = 0
pvLock = 0
pvLocked = 0
pvPaintJob = 0
pvColor1 = 0
pvColor2 = 0
pvAllowPlayer = 
pvAllowedPlayerId = 0
pvPark = 0
pvStereo = 0
pvNumberPlate = 
pvPrice = 0
pvTicket = 0
pvImpounded = 0
pvFuel = 0
pvHealth = 0.000000
pvSpawned = 0
pvEnVenta = 0
pvEnVentaP = 0
pv237Weapon0 = 0
pv237Municion0 = 0
pv237Weapon1 = 0
pv237Municion1 = 0
pv237Weapon2 = 0
pv237Municion2 = 0
pv237Mod0 = 0
pv237Mod1 = 0
pv237Mod2 = 0
pv237Mod3 = 0
pv237Mod4 = 0
pv237Mod5 = 0
pv237Mod6 = 0
pv237Mod7 = 0
pv237Mod8 = 0
pv237Mod9 = 0
pv237Mod10 = 0
pv237Mod11 = 0
pv237Mod12 = 0
pv237Mod13 = 0
pv237Mod14 = 0
