[PVData]
pvOwner = Nadie
pvPosX = 0.000000
pvPosY = 0.000000
pvPosZ = 0.000000
pvPosR = 0.000000
pvVW = 0
pvModel = 0
pvLock = 0
pvLocked = 0
pvPaintJob = 0
pvColor1 = 0
pvColor2 = 0
pvAllowPlayer = 
pvAllowedPlayerId = 0
pvPark = 0
pvStereo = 0
pvNumberPlate = 
pvPrice = 0
pvTicket = 0
pvImpounded = 0
pvFuel = 0
pvHealth = 0.000000
pvSpawned = 0
pvEnVenta = 0
pvEnVentaP = 0
pv231Weapon0 = 0
pv231Municion0 = 0
pv231Weapon1 = 0
pv231Municion1 = 0
pv231Weapon2 = 0
pv231Municion2 = 0
pv231Mod0 = 0
pv231Mod1 = 0
pv231Mod2 = 0
pv231Mod3 = 0
pv231Mod4 = 0
pv231Mod5 = 0
pv231Mod6 = 0
pv231Mod7 = 0
pv231Mod8 = 0
pv231Mod9 = 0
pv231Mod10 = 0
pv231Mod11 = 0
pv231Mod12 = 0
pv231Mod13 = 0
pv231Mod14 = 0
