[PVData]
pvOwner = Nadie
pvPosX = 0.000000
pvPosY = 0.000000
pvPosZ = 0.000000
pvPosR = 0.000000
pvVW = 0
pvModel = 0
pvLock = 0
pvLocked = 0
pvPaintJob = 0
pvColor1 = 0
pvColor2 = 0
pvAllowPlayer = 
pvAllowedPlayerId = 0
pvPark = 0
pvStereo = 0
pvNumberPlate = 
pvPrice = 0
pvTicket = 0
pvImpounded = 0
pvFuel = 0
pvHealth = 0.000000
pvSpawned = 0
pvEnVenta = 0
pvEnVentaP = 0
pv234Weapon0 = 0
pv234Municion0 = 0
pv234Weapon1 = 0
pv234Municion1 = 0
pv234Weapon2 = 0
pv234Municion2 = 0
pv234Mod0 = 0
pv234Mod1 = 0
pv234Mod2 = 0
pv234Mod3 = 0
pv234Mod4 = 0
pv234Mod5 = 0
pv234Mod6 = 0
pv234Mod7 = 0
pv234Mod8 = 0
pv234Mod9 = 0
pv234Mod10 = 0
pv234Mod11 = 0
pv234Mod12 = 0
pv234Mod13 = 0
pv234Mod14 = 0
