[PVData]
pvOwner = Nadie
pvPosX = 0.000000
pvPosY = 0.000000
pvPosZ = 0.000000
pvPosR = 0.000000
pvVW = 0
pvModel = 0
pvLock = 0
pvLocked = 0
pvPaintJob = 0
pvColor1 = 0
pvColor2 = 0
pvAllowPlayer = 
pvAllowedPlayerId = 0
pvPark = 0
pvStereo = 0
pvNumberPlate = 
pvPrice = 0
pvTicket = 0
pvImpounded = 0
pvFuel = 0
pvHealth = 0.000000
pvSpawned = 0
pvEnVenta = 0
pvEnVentaP = 0
pv233Weapon0 = 0
pv233Municion0 = 0
pv233Weapon1 = 0
pv233Municion1 = 0
pv233Weapon2 = 0
pv233Municion2 = 0
pv233Mod0 = 0
pv233Mod1 = 0
pv233Mod2 = 0
pv233Mod3 = 0
pv233Mod4 = 0
pv233Mod5 = 0
pv233Mod6 = 0
pv233Mod7 = 0
pv233Mod8 = 0
pv233Mod9 = 0
pv233Mod10 = 0
pv233Mod11 = 0
pv233Mod12 = 0
pv233Mod13 = 0
pv233Mod14 = 0
