[PVData]
pvOwner = Nadie
pvPosX = 0.000000
pvPosY = 0.000000
pvPosZ = 0.000000
pvPosR = 0.000000
pvVW = 0
pvModel = 0
pvLock = 0
pvLocked = 0
pvPaintJob = 0
pvColor1 = 0
pvColor2 = 0
pvAllowPlayer = 
pvAllowedPlayerId = 0
pvPark = 0
pvStereo = 0
pvNumberPlate = 
pvPrice = 0
pvTicket = 0
pvImpounded = 0
pvFuel = 0
pvHealth = 0.000000
pvSpawned = 0
pvEnVenta = 0
pvEnVentaP = 0
pv238Weapon0 = 0
pv238Municion0 = 0
pv238Weapon1 = 0
pv238Municion1 = 0
pv238Weapon2 = 0
pv238Municion2 = 0
pv238Mod0 = 0
pv238Mod1 = 0
pv238Mod2 = 0
pv238Mod3 = 0
pv238Mod4 = 0
pv238Mod5 = 0
pv238Mod6 = 0
pv238Mod7 = 0
pv238Mod8 = 0
pv238Mod9 = 0
pv238Mod10 = 0
pv238Mod11 = 0
pv238Mod12 = 0
pv238Mod13 = 0
pv238Mod14 = 0
