[PVData]
pvOwner = Nadie
pvPosX = 0.000000
pvPosY = 0.000000
pvPosZ = 0.000000
pvPosR = 0.000000
pvVW = 0
pvModel = 0
pvLock = 0
pvLocked = 0
pvPaintJob = 0
pvColor1 = 0
pvColor2 = 0
pvAllowPlayer = 
pvAllowedPlayerId = 0
pvPark = 0
pvStereo = 0
pvNumberPlate = 
pvPrice = 0
pvTicket = 0
pvImpounded = 0
pvFuel = 0
pvHealth = 0.000000
pvSpawned = 0
pvEnVenta = 0
pvEnVentaP = 0
pv23Weapon0 = 0
pv23Municion0 = 0
pv23Weapon1 = 0
pv23Municion1 = 0
pv23Weapon2 = 0
pv23Municion2 = 0
pv23Mod0 = 0
pv23Mod1 = 0
pv23Mod2 = 0
pv23Mod3 = 0
pv23Mod4 = 0
pv23Mod5 = 0
pv23Mod6 = 0
pv23Mod7 = 0
pv23Mod8 = 0
pv23Mod9 = 0
pv23Mod10 = 0
pv23Mod11 = 0
pv23Mod12 = 0
pv23Mod13 = 0
pv23Mod14 = 0
