[PVData]
pvOwner = Nadie
pvPosX = 0.000000
pvPosY = 0.000000
pvPosZ = 0.000000
pvPosR = 0.000000
pvVW = 0
pvModel = 0
pvLock = 0
pvLocked = 0
pvPaintJob = 0
pvColor1 = 0
pvColor2 = 0
pvAllowPlayer = 
pvAllowedPlayerId = 0
pvPark = 0
pvStereo = 0
pvNumberPlate = 
pvPrice = 0
pvTicket = 0
pvImpounded = 0
pvFuel = 0
pvHealth = 0.000000
pvSpawned = 0
pvEnVenta = 0
pvEnVentaP = 0
pv241Weapon0 = 0
pv241Municion0 = 0
pv241Weapon1 = 0
pv241Municion1 = 0
pv241Weapon2 = 0
pv241Municion2 = 0
pv241Mod0 = 0
pv241Mod1 = 0
pv241Mod2 = 0
pv241Mod3 = 0
pv241Mod4 = 0
pv241Mod5 = 0
pv241Mod6 = 0
pv241Mod7 = 0
pv241Mod8 = 0
pv241Mod9 = 0
pv241Mod10 = 0
pv241Mod11 = 0
pv241Mod12 = 0
pv241Mod13 = 0
pv241Mod14 = 0
