[PVData]
pvOwner = Nadie
pvPosX = 0.000000
pvPosY = 0.000000
pvPosZ = 0.000000
pvPosR = 0.000000
pvVW = 0
pvModel = 0
pvLock = 0
pvLocked = 0
pvPaintJob = 0
pvColor1 = 0
pvColor2 = 0
pvAllowPlayer = 
pvAllowedPlayerId = 0
pvPark = 0
pvStereo = 0
pvNumberPlate = 
pvPrice = 0
pvTicket = 0
pvImpounded = 0
pvFuel = 0
pvHealth = 0.000000
pvSpawned = 0
pvEnVenta = 0
pvEnVentaP = 0
pv242Weapon0 = 0
pv242Municion0 = 0
pv242Weapon1 = 0
pv242Municion1 = 0
pv242Weapon2 = 0
pv242Municion2 = 0
pv242Mod0 = 0
pv242Mod1 = 0
pv242Mod2 = 0
pv242Mod3 = 0
pv242Mod4 = 0
pv242Mod5 = 0
pv242Mod6 = 0
pv242Mod7 = 0
pv242Mod8 = 0
pv242Mod9 = 0
pv242Mod10 = 0
pv242Mod11 = 0
pv242Mod12 = 0
pv242Mod13 = 0
pv242Mod14 = 0
