[PVData]
pvOwner = Nadie
pvPosX = 0.000000
pvPosY = 0.000000
pvPosZ = 0.000000
pvPosR = 0.000000
pvVW = 0
pvModel = 0
pvLock = 0
pvLocked = 0
pvPaintJob = 0
pvColor1 = 0
pvColor2 = 0
pvAllowPlayer = 
pvAllowedPlayerId = 0
pvPark = 0
pvStereo = 0
pvNumberPlate = 
pvPrice = 0
pvTicket = 0
pvImpounded = 0
pvFuel = 0
pvHealth = 0.000000
pvSpawned = 0
pvEnVenta = 0
pvEnVentaP = 0
pv245Weapon0 = 0
pv245Municion0 = 0
pv245Weapon1 = 0
pv245Municion1 = 0
pv245Weapon2 = 0
pv245Municion2 = 0
pv245Mod0 = 0
pv245Mod1 = 0
pv245Mod2 = 0
pv245Mod3 = 0
pv245Mod4 = 0
pv245Mod5 = 0
pv245Mod6 = 0
pv245Mod7 = 0
pv245Mod8 = 0
pv245Mod9 = 0
pv245Mod10 = 0
pv245Mod11 = 0
pv245Mod12 = 0
pv245Mod13 = 0
pv245Mod14 = 0
