[PVData]
pvOwner = Nadie
pvPosX = 0.000000
pvPosY = 0.000000
pvPosZ = 0.000000
pvPosR = 0.000000
pvVW = 0
pvModel = 0
pvLock = 0
pvLocked = 0
pvPaintJob = 0
pvColor1 = 0
pvColor2 = 0
pvAllowPlayer = 
pvAllowedPlayerId = 0
pvPark = 0
pvStereo = 0
pvNumberPlate = 
pvPrice = 0
pvTicket = 0
pvImpounded = 0
pvFuel = 0
pvHealth = 0.000000
pvSpawned = 0
pvEnVenta = 0
pvEnVentaP = 0
pv244Weapon0 = 0
pv244Municion0 = 0
pv244Weapon1 = 0
pv244Municion1 = 0
pv244Weapon2 = 0
pv244Municion2 = 0
pv244Mod0 = 0
pv244Mod1 = 0
pv244Mod2 = 0
pv244Mod3 = 0
pv244Mod4 = 0
pv244Mod5 = 0
pv244Mod6 = 0
pv244Mod7 = 0
pv244Mod8 = 0
pv244Mod9 = 0
pv244Mod10 = 0
pv244Mod11 = 0
pv244Mod12 = 0
pv244Mod13 = 0
pv244Mod14 = 0
