[PVData]
pvOwner = Nadie
pvPosX = 0.000000
pvPosY = 0.000000
pvPosZ = 0.000000
pvPosR = 0.000000
pvVW = 0
pvModel = 0
pvLock = 0
pvLocked = 0
pvPaintJob = 0
pvColor1 = 0
pvColor2 = 0
pvAllowPlayer = 
pvAllowedPlayerId = 0
pvPark = 0
pvStereo = 0
pvNumberPlate = 
pvPrice = 0
pvTicket = 0
pvImpounded = 0
pvFuel = 0
pvHealth = 0.000000
pvSpawned = 0
pvEnVenta = 0
pvEnVentaP = 0
pv247Weapon0 = 0
pv247Municion0 = 0
pv247Weapon1 = 0
pv247Municion1 = 0
pv247Weapon2 = 0
pv247Municion2 = 0
pv247Mod0 = 0
pv247Mod1 = 0
pv247Mod2 = 0
pv247Mod3 = 0
pv247Mod4 = 0
pv247Mod5 = 0
pv247Mod6 = 0
pv247Mod7 = 0
pv247Mod8 = 0
pv247Mod9 = 0
pv247Mod10 = 0
pv247Mod11 = 0
pv247Mod12 = 0
pv247Mod13 = 0
pv247Mod14 = 0
