[PVData]
pvOwner = Nadie
pvPosX = 0.000000
pvPosY = 0.000000
pvPosZ = 0.000000
pvPosR = 0.000000
pvVW = 0
pvModel = 0
pvLock = 0
pvLocked = 0
pvPaintJob = 0
pvColor1 = 0
pvColor2 = 0
pvAllowPlayer = 
pvAllowedPlayerId = 0
pvPark = 0
pvStereo = 0
pvNumberPlate = 
pvPrice = 0
pvTicket = 0
pvImpounded = 0
pvFuel = 0
pvHealth = 0.000000
pvSpawned = 0
pvEnVenta = 0
pvEnVentaP = 0
pv240Weapon0 = 0
pv240Municion0 = 0
pv240Weapon1 = 0
pv240Municion1 = 0
pv240Weapon2 = 0
pv240Municion2 = 0
pv240Mod0 = 0
pv240Mod1 = 0
pv240Mod2 = 0
pv240Mod3 = 0
pv240Mod4 = 0
pv240Mod5 = 0
pv240Mod6 = 0
pv240Mod7 = 0
pv240Mod8 = 0
pv240Mod9 = 0
pv240Mod10 = 0
pv240Mod11 = 0
pv240Mod12 = 0
pv240Mod13 = 0
pv240Mod14 = 0
