[PVData]
pvOwner = Nadie
pvPosX = 0.000000
pvPosY = 0.000000
pvPosZ = 0.000000
pvPosR = 0.000000
pvVW = 0
pvModel = 0
pvLock = 0
pvLocked = 0
pvPaintJob = 0
pvColor1 = 0
pvColor2 = 0
pvAllowPlayer = 
pvAllowedPlayerId = 0
pvPark = 0
pvStereo = 0
pvNumberPlate = 
pvPrice = 0
pvTicket = 0
pvImpounded = 0
pvFuel = 0
pvHealth = 0.000000
pvSpawned = 0
pvEnVenta = 0
pvEnVentaP = 0
pv256Weapon0 = 0
pv256Municion0 = 0
pv256Weapon1 = 0
pv256Municion1 = 0
pv256Weapon2 = 0
pv256Municion2 = 0
pv256Mod0 = 0
pv256Mod1 = 0
pv256Mod2 = 0
pv256Mod3 = 0
pv256Mod4 = 0
pv256Mod5 = 0
pv256Mod6 = 0
pv256Mod7 = 0
pv256Mod8 = 0
pv256Mod9 = 0
pv256Mod10 = 0
pv256Mod11 = 0
pv256Mod12 = 0
pv256Mod13 = 0
pv256Mod14 = 0
