[PVData]
pvOwner = Nadie
pvPosX = 0.000000
pvPosY = 0.000000
pvPosZ = 0.000000
pvPosR = 0.000000
pvVW = 0
pvModel = 0
pvLock = 0
pvLocked = 0
pvPaintJob = 0
pvColor1 = 0
pvColor2 = 0
pvAllowPlayer = 
pvAllowedPlayerId = 0
pvPark = 0
pvStereo = 0
pvNumberPlate = 
pvPrice = 0
pvTicket = 0
pvImpounded = 0
pvFuel = 0
pvHealth = 0.000000
pvSpawned = 0
pvEnVenta = 0
pvEnVentaP = 0
pv25Weapon0 = 0
pv25Municion0 = 0
pv25Weapon1 = 0
pv25Municion1 = 0
pv25Weapon2 = 0
pv25Municion2 = 0
pv25Mod0 = 0
pv25Mod1 = 0
pv25Mod2 = 0
pv25Mod3 = 0
pv25Mod4 = 0
pv25Mod5 = 0
pv25Mod6 = 0
pv25Mod7 = 0
pv25Mod8 = 0
pv25Mod9 = 0
pv25Mod10 = 0
pv25Mod11 = 0
pv25Mod12 = 0
pv25Mod13 = 0
pv25Mod14 = 0
