[PVData]
pvOwner = Nadie
pvPosX = 0.000000
pvPosY = 0.000000
pvPosZ = 0.000000
pvPosR = 0.000000
pvVW = 0
pvModel = 0
pvLock = 0
pvLocked = 0
pvPaintJob = 0
pvColor1 = 0
pvColor2 = 0
pvAllowPlayer = 
pvAllowedPlayerId = 0
pvPark = 0
pvStereo = 0
pvNumberPlate = 
pvPrice = 0
pvTicket = 0
pvImpounded = 0
pvFuel = 0
pvHealth = 0.000000
pvSpawned = 0
pvEnVenta = 0
pvEnVentaP = 0
pv254Weapon0 = 0
pv254Municion0 = 0
pv254Weapon1 = 0
pv254Municion1 = 0
pv254Weapon2 = 0
pv254Municion2 = 0
pv254Mod0 = 0
pv254Mod1 = 0
pv254Mod2 = 0
pv254Mod3 = 0
pv254Mod4 = 0
pv254Mod5 = 0
pv254Mod6 = 0
pv254Mod7 = 0
pv254Mod8 = 0
pv254Mod9 = 0
pv254Mod10 = 0
pv254Mod11 = 0
pv254Mod12 = 0
pv254Mod13 = 0
pv254Mod14 = 0
