[PVData]
pvOwner = Nadie
pvPosX = 0.000000
pvPosY = 0.000000
pvPosZ = 0.000000
pvPosR = 0.000000
pvVW = 0
pvModel = 0
pvLock = 0
pvLocked = 0
pvPaintJob = 0
pvColor1 = 0
pvColor2 = 0
pvAllowPlayer = 
pvAllowedPlayerId = 0
pvPark = 0
pvStereo = 0
pvNumberPlate = 
pvPrice = 0
pvTicket = 0
pvImpounded = 0
pvFuel = 0
pvHealth = 0.000000
pvSpawned = 0
pvEnVenta = 0
pvEnVentaP = 0
pv257Weapon0 = 0
pv257Municion0 = 0
pv257Weapon1 = 0
pv257Municion1 = 0
pv257Weapon2 = 0
pv257Municion2 = 0
pv257Mod0 = 0
pv257Mod1 = 0
pv257Mod2 = 0
pv257Mod3 = 0
pv257Mod4 = 0
pv257Mod5 = 0
pv257Mod6 = 0
pv257Mod7 = 0
pv257Mod8 = 0
pv257Mod9 = 0
pv257Mod10 = 0
pv257Mod11 = 0
pv257Mod12 = 0
pv257Mod13 = 0
pv257Mod14 = 0
