[PVData]
pvOwner = Nadie
pvPosX = 0.000000
pvPosY = 0.000000
pvPosZ = 0.000000
pvPosR = 0.000000
pvVW = 0
pvModel = 0
pvLock = 0
pvLocked = 0
pvPaintJob = 0
pvColor1 = 0
pvColor2 = 0
pvAllowPlayer = 
pvAllowedPlayerId = 0
pvPark = 0
pvStereo = 0
pvNumberPlate = 
pvPrice = 0
pvTicket = 0
pvImpounded = 0
pvFuel = 0
pvHealth = 0.000000
pvSpawned = 0
pvEnVenta = 0
pvEnVentaP = 0
pv253Weapon0 = 0
pv253Municion0 = 0
pv253Weapon1 = 0
pv253Municion1 = 0
pv253Weapon2 = 0
pv253Municion2 = 0
pv253Mod0 = 0
pv253Mod1 = 0
pv253Mod2 = 0
pv253Mod3 = 0
pv253Mod4 = 0
pv253Mod5 = 0
pv253Mod6 = 0
pv253Mod7 = 0
pv253Mod8 = 0
pv253Mod9 = 0
pv253Mod10 = 0
pv253Mod11 = 0
pv253Mod12 = 0
pv253Mod13 = 0
pv253Mod14 = 0
