[PVData]
pvOwner = Nadie
pvPosX = 0.000000
pvPosY = 0.000000
pvPosZ = 0.000000
pvPosR = 0.000000
pvVW = 0
pvModel = 0
pvLock = 0
pvLocked = 0
pvPaintJob = 0
pvColor1 = 0
pvColor2 = 0
pvAllowPlayer = 
pvAllowedPlayerId = 0
pvPark = 0
pvStereo = 0
pvNumberPlate = 
pvPrice = 0
pvTicket = 0
pvImpounded = 0
pvFuel = 0
pvHealth = 0.000000
pvSpawned = 0
pvEnVenta = 0
pvEnVentaP = 0
pv255Weapon0 = 0
pv255Municion0 = 0
pv255Weapon1 = 0
pv255Municion1 = 0
pv255Weapon2 = 0
pv255Municion2 = 0
pv255Mod0 = 0
pv255Mod1 = 0
pv255Mod2 = 0
pv255Mod3 = 0
pv255Mod4 = 0
pv255Mod5 = 0
pv255Mod6 = 0
pv255Mod7 = 0
pv255Mod8 = 0
pv255Mod9 = 0
pv255Mod10 = 0
pv255Mod11 = 0
pv255Mod12 = 0
pv255Mod13 = 0
pv255Mod14 = 0
