[PVData]
pvOwner = Nadie
pvPosX = 0.000000
pvPosY = 0.000000
pvPosZ = 0.000000
pvPosR = 0.000000
pvVW = 0
pvModel = 0
pvLock = 0
pvLocked = 0
pvPaintJob = 0
pvColor1 = 0
pvColor2 = 0
pvAllowPlayer = 
pvAllowedPlayerId = 0
pvPark = 0
pvStereo = 0
pvNumberPlate = 
pvPrice = 0
pvTicket = 0
pvImpounded = 0
pvFuel = 0
pvHealth = 0.000000
pvSpawned = 0
pvEnVenta = 0
pvEnVentaP = 0
pv251Weapon0 = 0
pv251Municion0 = 0
pv251Weapon1 = 0
pv251Municion1 = 0
pv251Weapon2 = 0
pv251Municion2 = 0
pv251Mod0 = 0
pv251Mod1 = 0
pv251Mod2 = 0
pv251Mod3 = 0
pv251Mod4 = 0
pv251Mod5 = 0
pv251Mod6 = 0
pv251Mod7 = 0
pv251Mod8 = 0
pv251Mod9 = 0
pv251Mod10 = 0
pv251Mod11 = 0
pv251Mod12 = 0
pv251Mod13 = 0
pv251Mod14 = 0
