[PVData]
pvOwner = Nadie
pvPosX = 0.000000
pvPosY = 0.000000
pvPosZ = 0.000000
pvPosR = 0.000000
pvVW = 0
pvModel = 0
pvLock = 0
pvLocked = 0
pvPaintJob = 0
pvColor1 = 0
pvColor2 = 0
pvAllowPlayer = 
pvAllowedPlayerId = 0
pvPark = 0
pvStereo = 0
pvNumberPlate = 
pvPrice = 0
pvTicket = 0
pvImpounded = 0
pvFuel = 0
pvHealth = 0.000000
pvSpawned = 0
pvEnVenta = 0
pvEnVentaP = 0
pv263Weapon0 = 0
pv263Municion0 = 0
pv263Weapon1 = 0
pv263Municion1 = 0
pv263Weapon2 = 0
pv263Municion2 = 0
pv263Mod0 = 0
pv263Mod1 = 0
pv263Mod2 = 0
pv263Mod3 = 0
pv263Mod4 = 0
pv263Mod5 = 0
pv263Mod6 = 0
pv263Mod7 = 0
pv263Mod8 = 0
pv263Mod9 = 0
pv263Mod10 = 0
pv263Mod11 = 0
pv263Mod12 = 0
pv263Mod13 = 0
pv263Mod14 = 0
