[PVData]
pvOwner = Nadie
pvPosX = 0.000000
pvPosY = 0.000000
pvPosZ = 0.000000
pvPosR = 0.000000
pvVW = 0
pvModel = 0
pvLock = 0
pvLocked = 0
pvPaintJob = 0
pvColor1 = 0
pvColor2 = 0
pvAllowPlayer = 
pvAllowedPlayerId = 0
pvPark = 0
pvStereo = 0
pvNumberPlate = 
pvPrice = 0
pvTicket = 0
pvImpounded = 0
pvFuel = 0
pvHealth = 0.000000
pvSpawned = 0
pvEnVenta = 0
pvEnVentaP = 0
pv268Weapon0 = 0
pv268Municion0 = 0
pv268Weapon1 = 0
pv268Municion1 = 0
pv268Weapon2 = 0
pv268Municion2 = 0
pv268Mod0 = 0
pv268Mod1 = 0
pv268Mod2 = 0
pv268Mod3 = 0
pv268Mod4 = 0
pv268Mod5 = 0
pv268Mod6 = 0
pv268Mod7 = 0
pv268Mod8 = 0
pv268Mod9 = 0
pv268Mod10 = 0
pv268Mod11 = 0
pv268Mod12 = 0
pv268Mod13 = 0
pv268Mod14 = 0
