[PVData]
pvOwner = Nadie
pvPosX = 0.000000
pvPosY = 0.000000
pvPosZ = 0.000000
pvPosR = 0.000000
pvVW = 0
pvModel = 0
pvLock = 0
pvLocked = 0
pvPaintJob = 0
pvColor1 = 0
pvColor2 = 0
pvAllowPlayer = 
pvAllowedPlayerId = 0
pvPark = 0
pvStereo = 0
pvNumberPlate = 
pvPrice = 0
pvTicket = 0
pvImpounded = 0
pvFuel = 0
pvHealth = 0.000000
pvSpawned = 0
pvEnVenta = 0
pvEnVentaP = 0
pv269Weapon0 = 0
pv269Municion0 = 0
pv269Weapon1 = 0
pv269Municion1 = 0
pv269Weapon2 = 0
pv269Municion2 = 0
pv269Mod0 = 0
pv269Mod1 = 0
pv269Mod2 = 0
pv269Mod3 = 0
pv269Mod4 = 0
pv269Mod5 = 0
pv269Mod6 = 0
pv269Mod7 = 0
pv269Mod8 = 0
pv269Mod9 = 0
pv269Mod10 = 0
pv269Mod11 = 0
pv269Mod12 = 0
pv269Mod13 = 0
pv269Mod14 = 0
