[PVData]
pvOwner = Nadie
pvPosX = 0.000000
pvPosY = 0.000000
pvPosZ = 0.000000
pvPosR = 0.000000
pvVW = 0
pvModel = 0
pvLock = 0
pvLocked = 0
pvPaintJob = 0
pvColor1 = 0
pvColor2 = 0
pvAllowPlayer = 
pvAllowedPlayerId = 0
pvPark = 0
pvStereo = 0
pvNumberPlate = 
pvPrice = 0
pvTicket = 0
pvImpounded = 0
pvFuel = 0
pvHealth = 0.000000
pvSpawned = 0
pvEnVenta = 0
pvEnVentaP = 0
pv264Weapon0 = 0
pv264Municion0 = 0
pv264Weapon1 = 0
pv264Municion1 = 0
pv264Weapon2 = 0
pv264Municion2 = 0
pv264Mod0 = 0
pv264Mod1 = 0
pv264Mod2 = 0
pv264Mod3 = 0
pv264Mod4 = 0
pv264Mod5 = 0
pv264Mod6 = 0
pv264Mod7 = 0
pv264Mod8 = 0
pv264Mod9 = 0
pv264Mod10 = 0
pv264Mod11 = 0
pv264Mod12 = 0
pv264Mod13 = 0
pv264Mod14 = 0
