[PVData]
pvOwner = Nadie
pvPosX = 0.000000
pvPosY = 0.000000
pvPosZ = 0.000000
pvPosR = 0.000000
pvVW = 0
pvModel = 0
pvLock = 0
pvLocked = 0
pvPaintJob = 0
pvColor1 = 0
pvColor2 = 0
pvAllowPlayer = 
pvAllowedPlayerId = 0
pvPark = 0
pvStereo = 0
pvNumberPlate = 
pvPrice = 0
pvTicket = 0
pvImpounded = 0
pvFuel = 0
pvHealth = 0.000000
pvSpawned = 0
pvEnVenta = 0
pvEnVentaP = 0
pv26Weapon0 = 0
pv26Municion0 = 0
pv26Weapon1 = 0
pv26Municion1 = 0
pv26Weapon2 = 0
pv26Municion2 = 0
pv26Mod0 = 0
pv26Mod1 = 0
pv26Mod2 = 0
pv26Mod3 = 0
pv26Mod4 = 0
pv26Mod5 = 0
pv26Mod6 = 0
pv26Mod7 = 0
pv26Mod8 = 0
pv26Mod9 = 0
pv26Mod10 = 0
pv26Mod11 = 0
pv26Mod12 = 0
pv26Mod13 = 0
pv26Mod14 = 0
