[PVData]
pvOwner = Nadie
pvPosX = 0.000000
pvPosY = 0.000000
pvPosZ = 0.000000
pvPosR = 0.000000
pvVW = 0
pvModel = 0
pvLock = 0
pvLocked = 0
pvPaintJob = 0
pvColor1 = 0
pvColor2 = 0
pvAllowPlayer = 
pvAllowedPlayerId = 0
pvPark = 0
pvStereo = 0
pvNumberPlate = 
pvPrice = 0
pvTicket = 0
pvImpounded = 0
pvFuel = 0
pvHealth = 0.000000
pvSpawned = 0
pvEnVenta = 0
pvEnVentaP = 0
pv279Weapon0 = 0
pv279Municion0 = 0
pv279Weapon1 = 0
pv279Municion1 = 0
pv279Weapon2 = 0
pv279Municion2 = 0
pv279Mod0 = 0
pv279Mod1 = 0
pv279Mod2 = 0
pv279Mod3 = 0
pv279Mod4 = 0
pv279Mod5 = 0
pv279Mod6 = 0
pv279Mod7 = 0
pv279Mod8 = 0
pv279Mod9 = 0
pv279Mod10 = 0
pv279Mod11 = 0
pv279Mod12 = 0
pv279Mod13 = 0
pv279Mod14 = 0
