[PVData]
pvOwner = Nadie
pvPosX = 0.000000
pvPosY = 0.000000
pvPosZ = 0.000000
pvPosR = 0.000000
pvVW = 0
pvModel = 0
pvLock = 0
pvLocked = 0
pvPaintJob = 0
pvColor1 = 0
pvColor2 = 0
pvAllowPlayer = 
pvAllowedPlayerId = 0
pvPark = 0
pvStereo = 0
pvNumberPlate = 
pvPrice = 0
pvTicket = 0
pvImpounded = 0
pvFuel = 0
pvHealth = 0.000000
pvSpawned = 0
pvEnVenta = 0
pvEnVentaP = 0
pv272Weapon0 = 0
pv272Municion0 = 0
pv272Weapon1 = 0
pv272Municion1 = 0
pv272Weapon2 = 0
pv272Municion2 = 0
pv272Mod0 = 0
pv272Mod1 = 0
pv272Mod2 = 0
pv272Mod3 = 0
pv272Mod4 = 0
pv272Mod5 = 0
pv272Mod6 = 0
pv272Mod7 = 0
pv272Mod8 = 0
pv272Mod9 = 0
pv272Mod10 = 0
pv272Mod11 = 0
pv272Mod12 = 0
pv272Mod13 = 0
pv272Mod14 = 0
