[PVData]
pvOwner = Nadie
pvPosX = 0.000000
pvPosY = 0.000000
pvPosZ = 0.000000
pvPosR = 0.000000
pvVW = 0
pvModel = 0
pvLock = 0
pvLocked = 0
pvPaintJob = 0
pvColor1 = 0
pvColor2 = 0
pvAllowPlayer = 
pvAllowedPlayerId = 0
pvPark = 0
pvStereo = 0
pvNumberPlate = 
pvPrice = 0
pvTicket = 0
pvImpounded = 0
pvFuel = 0
pvHealth = 0.000000
pvSpawned = 0
pvEnVenta = 0
pvEnVentaP = 0
pv27Weapon0 = 0
pv27Municion0 = 0
pv27Weapon1 = 0
pv27Municion1 = 0
pv27Weapon2 = 0
pv27Municion2 = 0
pv27Mod0 = 0
pv27Mod1 = 0
pv27Mod2 = 0
pv27Mod3 = 0
pv27Mod4 = 0
pv27Mod5 = 0
pv27Mod6 = 0
pv27Mod7 = 0
pv27Mod8 = 0
pv27Mod9 = 0
pv27Mod10 = 0
pv27Mod11 = 0
pv27Mod12 = 0
pv27Mod13 = 0
pv27Mod14 = 0
