[PVData]
pvOwner = Nadie
pvPosX = 0.000000
pvPosY = 0.000000
pvPosZ = 0.000000
pvPosR = 0.000000
pvVW = 0
pvModel = 0
pvLock = 0
pvLocked = 0
pvPaintJob = 0
pvColor1 = 0
pvColor2 = 0
pvAllowPlayer = 
pvAllowedPlayerId = 0
pvPark = 0
pvStereo = 0
pvNumberPlate = 
pvPrice = 0
pvTicket = 0
pvImpounded = 0
pvFuel = 0
pvHealth = 0.000000
pvSpawned = 0
pvEnVenta = 0
pvEnVentaP = 0
pv278Weapon0 = 0
pv278Municion0 = 0
pv278Weapon1 = 0
pv278Municion1 = 0
pv278Weapon2 = 0
pv278Municion2 = 0
pv278Mod0 = 0
pv278Mod1 = 0
pv278Mod2 = 0
pv278Mod3 = 0
pv278Mod4 = 0
pv278Mod5 = 0
pv278Mod6 = 0
pv278Mod7 = 0
pv278Mod8 = 0
pv278Mod9 = 0
pv278Mod10 = 0
pv278Mod11 = 0
pv278Mod12 = 0
pv278Mod13 = 0
pv278Mod14 = 0
