[PVData]
pvOwner = Nadie
pvPosX = 0.000000
pvPosY = 0.000000
pvPosZ = 0.000000
pvPosR = 0.000000
pvVW = 0
pvModel = 0
pvLock = 0
pvLocked = 0
pvPaintJob = 0
pvColor1 = 0
pvColor2 = 0
pvAllowPlayer = 
pvAllowedPlayerId = 0
pvPark = 0
pvStereo = 0
pvNumberPlate = 
pvPrice = 0
pvTicket = 0
pvImpounded = 0
pvFuel = 0
pvHealth = 0.000000
pvSpawned = 0
pvEnVenta = 0
pvEnVentaP = 0
pv271Weapon0 = 0
pv271Municion0 = 0
pv271Weapon1 = 0
pv271Municion1 = 0
pv271Weapon2 = 0
pv271Municion2 = 0
pv271Mod0 = 0
pv271Mod1 = 0
pv271Mod2 = 0
pv271Mod3 = 0
pv271Mod4 = 0
pv271Mod5 = 0
pv271Mod6 = 0
pv271Mod7 = 0
pv271Mod8 = 0
pv271Mod9 = 0
pv271Mod10 = 0
pv271Mod11 = 0
pv271Mod12 = 0
pv271Mod13 = 0
pv271Mod14 = 0
