[PVData]
pvOwner = Nadie
pvPosX = 0.000000
pvPosY = 0.000000
pvPosZ = 0.000000
pvPosR = 0.000000
pvVW = 0
pvModel = 0
pvLock = 0
pvLocked = 0
pvPaintJob = 0
pvColor1 = 0
pvColor2 = 0
pvAllowPlayer = 
pvAllowedPlayerId = 0
pvPark = 0
pvStereo = 0
pvNumberPlate = 
pvPrice = 0
pvTicket = 0
pvImpounded = 0
pvFuel = 0
pvHealth = 0.000000
pvSpawned = 0
pvEnVenta = 0
pvEnVentaP = 0
pv270Weapon0 = 0
pv270Municion0 = 0
pv270Weapon1 = 0
pv270Municion1 = 0
pv270Weapon2 = 0
pv270Municion2 = 0
pv270Mod0 = 0
pv270Mod1 = 0
pv270Mod2 = 0
pv270Mod3 = 0
pv270Mod4 = 0
pv270Mod5 = 0
pv270Mod6 = 0
pv270Mod7 = 0
pv270Mod8 = 0
pv270Mod9 = 0
pv270Mod10 = 0
pv270Mod11 = 0
pv270Mod12 = 0
pv270Mod13 = 0
pv270Mod14 = 0
