[PVData]
pvOwner = Nadie
pvPosX = 0.000000
pvPosY = 0.000000
pvPosZ = 0.000000
pvPosR = 0.000000
pvVW = 0
pvModel = 0
pvLock = 0
pvLocked = 0
pvPaintJob = 0
pvColor1 = 0
pvColor2 = 0
pvAllowPlayer = 
pvAllowedPlayerId = 0
pvPark = 0
pvStereo = 0
pvNumberPlate = 
pvPrice = 0
pvTicket = 0
pvImpounded = 0
pvFuel = 0
pvHealth = 0.000000
pvSpawned = 0
pvEnVenta = 0
pvEnVentaP = 0
pv283Weapon0 = 0
pv283Municion0 = 0
pv283Weapon1 = 0
pv283Municion1 = 0
pv283Weapon2 = 0
pv283Municion2 = 0
pv283Mod0 = 0
pv283Mod1 = 0
pv283Mod2 = 0
pv283Mod3 = 0
pv283Mod4 = 0
pv283Mod5 = 0
pv283Mod6 = 0
pv283Mod7 = 0
pv283Mod8 = 0
pv283Mod9 = 0
pv283Mod10 = 0
pv283Mod11 = 0
pv283Mod12 = 0
pv283Mod13 = 0
pv283Mod14 = 0
