[PVData]
pvOwner = Nadie
pvPosX = 0.000000
pvPosY = 0.000000
pvPosZ = 0.000000
pvPosR = 0.000000
pvVW = 0
pvModel = 0
pvLock = 0
pvLocked = 0
pvPaintJob = 0
pvColor1 = 0
pvColor2 = 0
pvAllowPlayer = 
pvAllowedPlayerId = 0
pvPark = 0
pvStereo = 0
pvNumberPlate = 
pvPrice = 0
pvTicket = 0
pvImpounded = 0
pvFuel = 0
pvHealth = 0.000000
pvSpawned = 0
pvEnVenta = 0
pvEnVentaP = 0
pv286Weapon0 = 0
pv286Municion0 = 0
pv286Weapon1 = 0
pv286Municion1 = 0
pv286Weapon2 = 0
pv286Municion2 = 0
pv286Mod0 = 0
pv286Mod1 = 0
pv286Mod2 = 0
pv286Mod3 = 0
pv286Mod4 = 0
pv286Mod5 = 0
pv286Mod6 = 0
pv286Mod7 = 0
pv286Mod8 = 0
pv286Mod9 = 0
pv286Mod10 = 0
pv286Mod11 = 0
pv286Mod12 = 0
pv286Mod13 = 0
pv286Mod14 = 0
