[PVData]
pvOwner = Nadie
pvPosX = 0.000000
pvPosY = 0.000000
pvPosZ = 0.000000
pvPosR = 0.000000
pvVW = 0
pvModel = 0
pvLock = 0
pvLocked = 0
pvPaintJob = 0
pvColor1 = 0
pvColor2 = 0
pvAllowPlayer = 
pvAllowedPlayerId = 0
pvPark = 0
pvStereo = 0
pvNumberPlate = 
pvPrice = 0
pvTicket = 0
pvImpounded = 0
pvFuel = 0
pvHealth = 0.000000
pvSpawned = 0
pvEnVenta = 0
pvEnVentaP = 0
pv285Weapon0 = 0
pv285Municion0 = 0
pv285Weapon1 = 0
pv285Municion1 = 0
pv285Weapon2 = 0
pv285Municion2 = 0
pv285Mod0 = 0
pv285Mod1 = 0
pv285Mod2 = 0
pv285Mod3 = 0
pv285Mod4 = 0
pv285Mod5 = 0
pv285Mod6 = 0
pv285Mod7 = 0
pv285Mod8 = 0
pv285Mod9 = 0
pv285Mod10 = 0
pv285Mod11 = 0
pv285Mod12 = 0
pv285Mod13 = 0
pv285Mod14 = 0
