[PVData]
pvOwner = Nadie
pvPosX = 0.000000
pvPosY = 0.000000
pvPosZ = 0.000000
pvPosR = 0.000000
pvVW = 0
pvModel = 0
pvLock = 0
pvLocked = 0
pvPaintJob = 0
pvColor1 = 0
pvColor2 = 0
pvAllowPlayer = 
pvAllowedPlayerId = 0
pvPark = 0
pvStereo = 0
pvNumberPlate = 
pvPrice = 0
pvTicket = 0
pvImpounded = 0
pvFuel = 0
pvHealth = 0.000000
pvSpawned = 0
pvEnVenta = 0
pvEnVentaP = 0
pv282Weapon0 = 0
pv282Municion0 = 0
pv282Weapon1 = 0
pv282Municion1 = 0
pv282Weapon2 = 0
pv282Municion2 = 0
pv282Mod0 = 0
pv282Mod1 = 0
pv282Mod2 = 0
pv282Mod3 = 0
pv282Mod4 = 0
pv282Mod5 = 0
pv282Mod6 = 0
pv282Mod7 = 0
pv282Mod8 = 0
pv282Mod9 = 0
pv282Mod10 = 0
pv282Mod11 = 0
pv282Mod12 = 0
pv282Mod13 = 0
pv282Mod14 = 0
