[PVData]
pvOwner = Nadie
pvPosX = 0.000000
pvPosY = 0.000000
pvPosZ = 0.000000
pvPosR = 0.000000
pvVW = 0
pvModel = 0
pvLock = 0
pvLocked = 0
pvPaintJob = 0
pvColor1 = 0
pvColor2 = 0
pvAllowPlayer = 
pvAllowedPlayerId = 0
pvPark = 0
pvStereo = 0
pvNumberPlate = 
pvPrice = 0
pvTicket = 0
pvImpounded = 0
pvFuel = 0
pvHealth = 0.000000
pvSpawned = 0
pvEnVenta = 0
pvEnVentaP = 0
pv284Weapon0 = 0
pv284Municion0 = 0
pv284Weapon1 = 0
pv284Municion1 = 0
pv284Weapon2 = 0
pv284Municion2 = 0
pv284Mod0 = 0
pv284Mod1 = 0
pv284Mod2 = 0
pv284Mod3 = 0
pv284Mod4 = 0
pv284Mod5 = 0
pv284Mod6 = 0
pv284Mod7 = 0
pv284Mod8 = 0
pv284Mod9 = 0
pv284Mod10 = 0
pv284Mod11 = 0
pv284Mod12 = 0
pv284Mod13 = 0
pv284Mod14 = 0
