[PVData]
pvOwner = Nadie
pvPosX = 0.000000
pvPosY = 0.000000
pvPosZ = 0.000000
pvPosR = 0.000000
pvVW = 0
pvModel = 0
pvLock = 0
pvLocked = 0
pvPaintJob = 0
pvColor1 = 0
pvColor2 = 0
pvAllowPlayer = 
pvAllowedPlayerId = 0
pvPark = 0
pvStereo = 0
pvNumberPlate = 
pvPrice = 0
pvTicket = 0
pvImpounded = 0
pvFuel = 0
pvHealth = 0.000000
pvSpawned = 0
pvEnVenta = 0
pvEnVentaP = 0
pv289Weapon0 = 0
pv289Municion0 = 0
pv289Weapon1 = 0
pv289Municion1 = 0
pv289Weapon2 = 0
pv289Municion2 = 0
pv289Mod0 = 0
pv289Mod1 = 0
pv289Mod2 = 0
pv289Mod3 = 0
pv289Mod4 = 0
pv289Mod5 = 0
pv289Mod6 = 0
pv289Mod7 = 0
pv289Mod8 = 0
pv289Mod9 = 0
pv289Mod10 = 0
pv289Mod11 = 0
pv289Mod12 = 0
pv289Mod13 = 0
pv289Mod14 = 0
