[PVData]
pvOwner = Nadie
pvPosX = 0.000000
pvPosY = 0.000000
pvPosZ = 0.000000
pvPosR = 0.000000
pvVW = 0
pvModel = 0
pvLock = 0
pvLocked = 0
pvPaintJob = 0
pvColor1 = 0
pvColor2 = 0
pvAllowPlayer = 
pvAllowedPlayerId = 0
pvPark = 0
pvStereo = 0
pvNumberPlate = 
pvPrice = 0
pvTicket = 0
pvImpounded = 0
pvFuel = 0
pvHealth = 0.000000
pvSpawned = 0
pvEnVenta = 0
pvEnVentaP = 0
pv280Weapon0 = 0
pv280Municion0 = 0
pv280Weapon1 = 0
pv280Municion1 = 0
pv280Weapon2 = 0
pv280Municion2 = 0
pv280Mod0 = 0
pv280Mod1 = 0
pv280Mod2 = 0
pv280Mod3 = 0
pv280Mod4 = 0
pv280Mod5 = 0
pv280Mod6 = 0
pv280Mod7 = 0
pv280Mod8 = 0
pv280Mod9 = 0
pv280Mod10 = 0
pv280Mod11 = 0
pv280Mod12 = 0
pv280Mod13 = 0
pv280Mod14 = 0
