[PVData]
pvOwner = Nadie
pvPosX = 0.000000
pvPosY = 0.000000
pvPosZ = 0.000000
pvPosR = 0.000000
pvVW = 0
pvModel = 0
pvLock = 0
pvLocked = 0
pvPaintJob = 0
pvColor1 = 0
pvColor2 = 0
pvAllowPlayer = 
pvAllowedPlayerId = 0
pvPark = 0
pvStereo = 0
pvNumberPlate = 
pvPrice = 0
pvTicket = 0
pvImpounded = 0
pvFuel = 0
pvHealth = 0.000000
pvSpawned = 0
pvEnVenta = 0
pvEnVentaP = 0
pv290Weapon0 = 0
pv290Municion0 = 0
pv290Weapon1 = 0
pv290Municion1 = 0
pv290Weapon2 = 0
pv290Municion2 = 0
pv290Mod0 = 0
pv290Mod1 = 0
pv290Mod2 = 0
pv290Mod3 = 0
pv290Mod4 = 0
pv290Mod5 = 0
pv290Mod6 = 0
pv290Mod7 = 0
pv290Mod8 = 0
pv290Mod9 = 0
pv290Mod10 = 0
pv290Mod11 = 0
pv290Mod12 = 0
pv290Mod13 = 0
pv290Mod14 = 0
