[PVData]
pvOwner = Nadie
pvPosX = 0.000000
pvPosY = 0.000000
pvPosZ = 0.000000
pvPosR = 0.000000
pvVW = 0
pvModel = 0
pvLock = 0
pvLocked = 0
pvPaintJob = 0
pvColor1 = 0
pvColor2 = 0
pvAllowPlayer = 
pvAllowedPlayerId = 0
pvPark = 0
pvStereo = 0
pvNumberPlate = 
pvPrice = 0
pvTicket = 0
pvImpounded = 0
pvFuel = 0
pvHealth = 0.000000
pvSpawned = 0
pvEnVenta = 0
pvEnVentaP = 0
pv291Weapon0 = 0
pv291Municion0 = 0
pv291Weapon1 = 0
pv291Municion1 = 0
pv291Weapon2 = 0
pv291Municion2 = 0
pv291Mod0 = 0
pv291Mod1 = 0
pv291Mod2 = 0
pv291Mod3 = 0
pv291Mod4 = 0
pv291Mod5 = 0
pv291Mod6 = 0
pv291Mod7 = 0
pv291Mod8 = 0
pv291Mod9 = 0
pv291Mod10 = 0
pv291Mod11 = 0
pv291Mod12 = 0
pv291Mod13 = 0
pv291Mod14 = 0
