[PVData]
pvOwner = Nadie
pvPosX = 0.000000
pvPosY = 0.000000
pvPosZ = 0.000000
pvPosR = 0.000000
pvVW = 0
pvModel = 0
pvLock = 0
pvLocked = 0
pvPaintJob = 0
pvColor1 = 0
pvColor2 = 0
pvAllowPlayer = 
pvAllowedPlayerId = 0
pvPark = 0
pvStereo = 0
pvNumberPlate = 
pvPrice = 0
pvTicket = 0
pvImpounded = 0
pvFuel = 0
pvHealth = 0.000000
pvSpawned = 0
pvEnVenta = 0
pvEnVentaP = 0
pv298Weapon0 = 0
pv298Municion0 = 0
pv298Weapon1 = 0
pv298Municion1 = 0
pv298Weapon2 = 0
pv298Municion2 = 0
pv298Mod0 = 0
pv298Mod1 = 0
pv298Mod2 = 0
pv298Mod3 = 0
pv298Mod4 = 0
pv298Mod5 = 0
pv298Mod6 = 0
pv298Mod7 = 0
pv298Mod8 = 0
pv298Mod9 = 0
pv298Mod10 = 0
pv298Mod11 = 0
pv298Mod12 = 0
pv298Mod13 = 0
pv298Mod14 = 0
