[PVData]
pvOwner = Nadie
pvPosX = 0.000000
pvPosY = 0.000000
pvPosZ = 0.000000
pvPosR = 0.000000
pvVW = 0
pvModel = 0
pvLock = 0
pvLocked = 0
pvPaintJob = 0
pvColor1 = 0
pvColor2 = 0
pvAllowPlayer = 
pvAllowedPlayerId = 0
pvPark = 0
pvStereo = 0
pvNumberPlate = 
pvPrice = 0
pvTicket = 0
pvImpounded = 0
pvFuel = 0
pvHealth = 0.000000
pvSpawned = 0
pvEnVenta = 0
pvEnVentaP = 0
pv296Weapon0 = 0
pv296Municion0 = 0
pv296Weapon1 = 0
pv296Municion1 = 0
pv296Weapon2 = 0
pv296Municion2 = 0
pv296Mod0 = 0
pv296Mod1 = 0
pv296Mod2 = 0
pv296Mod3 = 0
pv296Mod4 = 0
pv296Mod5 = 0
pv296Mod6 = 0
pv296Mod7 = 0
pv296Mod8 = 0
pv296Mod9 = 0
pv296Mod10 = 0
pv296Mod11 = 0
pv296Mod12 = 0
pv296Mod13 = 0
pv296Mod14 = 0
