[PVData]
pvOwner = Nadie
pvPosX = 0.000000
pvPosY = 0.000000
pvPosZ = 0.000000
pvPosR = 0.000000
pvVW = 0
pvModel = 0
pvLock = 0
pvLocked = 0
pvPaintJob = 0
pvColor1 = 0
pvColor2 = 0
pvAllowPlayer = 
pvAllowedPlayerId = 0
pvPark = 0
pvStereo = 0
pvNumberPlate = 
pvPrice = 0
pvTicket = 0
pvImpounded = 0
pvFuel = 0
pvHealth = 0.000000
pvSpawned = 0
pvEnVenta = 0
pvEnVentaP = 0
pv294Weapon0 = 0
pv294Municion0 = 0
pv294Weapon1 = 0
pv294Municion1 = 0
pv294Weapon2 = 0
pv294Municion2 = 0
pv294Mod0 = 0
pv294Mod1 = 0
pv294Mod2 = 0
pv294Mod3 = 0
pv294Mod4 = 0
pv294Mod5 = 0
pv294Mod6 = 0
pv294Mod7 = 0
pv294Mod8 = 0
pv294Mod9 = 0
pv294Mod10 = 0
pv294Mod11 = 0
pv294Mod12 = 0
pv294Mod13 = 0
pv294Mod14 = 0
