[PVData]
pvOwner = Nadie
pvPosX = 0.000000
pvPosY = 0.000000
pvPosZ = 0.000000
pvPosR = 0.000000
pvVW = 0
pvModel = 0
pvLock = 0
pvLocked = 0
pvPaintJob = 0
pvColor1 = 0
pvColor2 = 0
pvAllowPlayer = 
pvAllowedPlayerId = 0
pvPark = 0
pvStereo = 0
pvNumberPlate = 
pvPrice = 0
pvTicket = 0
pvImpounded = 0
pvFuel = 0
pvHealth = 0.000000
pvSpawned = 0
pvEnVenta = 0
pvEnVentaP = 0
pv292Weapon0 = 0
pv292Municion0 = 0
pv292Weapon1 = 0
pv292Municion1 = 0
pv292Weapon2 = 0
pv292Municion2 = 0
pv292Mod0 = 0
pv292Mod1 = 0
pv292Mod2 = 0
pv292Mod3 = 0
pv292Mod4 = 0
pv292Mod5 = 0
pv292Mod6 = 0
pv292Mod7 = 0
pv292Mod8 = 0
pv292Mod9 = 0
pv292Mod10 = 0
pv292Mod11 = 0
pv292Mod12 = 0
pv292Mod13 = 0
pv292Mod14 = 0
