[PVData]
pvOwner = Nadie
pvPosX = 0.000000
pvPosY = 0.000000
pvPosZ = 0.000000
pvPosR = 0.000000
pvVW = 0
pvModel = 0
pvLock = 0
pvLocked = 0
pvPaintJob = 0
pvColor1 = 0
pvColor2 = 0
pvAllowPlayer = 
pvAllowedPlayerId = 0
pvPark = 0
pvStereo = 0
pvNumberPlate = 
pvPrice = 0
pvTicket = 0
pvImpounded = 0
pvFuel = 0
pvHealth = 0.000000
pvSpawned = 0
pvEnVenta = 0
pvEnVentaP = 0
pv30Weapon0 = 0
pv30Municion0 = 0
pv30Weapon1 = 0
pv30Municion1 = 0
pv30Weapon2 = 0
pv30Municion2 = 0
pv30Mod0 = 0
pv30Mod1 = 0
pv30Mod2 = 0
pv30Mod3 = 0
pv30Mod4 = 0
pv30Mod5 = 0
pv30Mod6 = 0
pv30Mod7 = 0
pv30Mod8 = 0
pv30Mod9 = 0
pv30Mod10 = 0
pv30Mod11 = 0
pv30Mod12 = 0
pv30Mod13 = 0
pv30Mod14 = 0
