[PVData]
pvOwner = Nadie
pvPosX = 0.000000
pvPosY = 0.000000
pvPosZ = 0.000000
pvPosR = 0.000000
pvVW = 0
pvModel = 0
pvLock = 0
pvLocked = 0
pvPaintJob = 0
pvColor1 = 0
pvColor2 = 0
pvAllowPlayer = 
pvAllowedPlayerId = 0
pvPark = 0
pvStereo = 0
pvNumberPlate = 
pvPrice = 0
pvTicket = 0
pvImpounded = 0
pvFuel = 0
pvHealth = 0.000000
pvSpawned = 0
pvEnVenta = 0
pvEnVentaP = 0
pv31Weapon0 = 0
pv31Municion0 = 0
pv31Weapon1 = 0
pv31Municion1 = 0
pv31Weapon2 = 0
pv31Municion2 = 0
pv31Mod0 = 0
pv31Mod1 = 0
pv31Mod2 = 0
pv31Mod3 = 0
pv31Mod4 = 0
pv31Mod5 = 0
pv31Mod6 = 0
pv31Mod7 = 0
pv31Mod8 = 0
pv31Mod9 = 0
pv31Mod10 = 0
pv31Mod11 = 0
pv31Mod12 = 0
pv31Mod13 = 0
pv31Mod14 = 0
