[PVData]
pvOwner = Nadie
pvPosX = 0.000000
pvPosY = 0.000000
pvPosZ = 0.000000
pvPosR = 0.000000
pvVW = 0
pvModel = 0
pvLock = 0
pvLocked = 0
pvPaintJob = 0
pvColor1 = 0
pvColor2 = 0
pvAllowPlayer = 
pvAllowedPlayerId = 0
pvPark = 0
pvStereo = 0
pvNumberPlate = 
pvPrice = 0
pvTicket = 0
pvImpounded = 0
pvFuel = 0
pvHealth = 0.000000
pvSpawned = 0
pvEnVenta = 0
pvEnVentaP = 0
pv33Weapon0 = 0
pv33Municion0 = 0
pv33Weapon1 = 0
pv33Municion1 = 0
pv33Weapon2 = 0
pv33Municion2 = 0
pv33Mod0 = 0
pv33Mod1 = 0
pv33Mod2 = 0
pv33Mod3 = 0
pv33Mod4 = 0
pv33Mod5 = 0
pv33Mod6 = 0
pv33Mod7 = 0
pv33Mod8 = 0
pv33Mod9 = 0
pv33Mod10 = 0
pv33Mod11 = 0
pv33Mod12 = 0
pv33Mod13 = 0
pv33Mod14 = 0
