[PVData]
pvOwner = Nadie
pvPosX = 0.000000
pvPosY = 0.000000
pvPosZ = 0.000000
pvPosR = 0.000000
pvVW = 0
pvModel = 0
pvLock = 0
pvLocked = 0
pvPaintJob = 0
pvColor1 = 0
pvColor2 = 0
pvAllowPlayer = 
pvAllowedPlayerId = 0
pvPark = 0
pvStereo = 0
pvNumberPlate = 
pvPrice = 0
pvTicket = 0
pvImpounded = 0
pvFuel = 0
pvHealth = 0.000000
pvSpawned = 0
pvEnVenta = 0
pvEnVentaP = 0
pv34Weapon0 = 0
pv34Municion0 = 0
pv34Weapon1 = 0
pv34Municion1 = 0
pv34Weapon2 = 0
pv34Municion2 = 0
pv34Mod0 = 0
pv34Mod1 = 0
pv34Mod2 = 0
pv34Mod3 = 0
pv34Mod4 = 0
pv34Mod5 = 0
pv34Mod6 = 0
pv34Mod7 = 0
pv34Mod8 = 0
pv34Mod9 = 0
pv34Mod10 = 0
pv34Mod11 = 0
pv34Mod12 = 0
pv34Mod13 = 0
pv34Mod14 = 0
