[PVData]
pvOwner = Nadie
pvPosX = 0.000000
pvPosY = 0.000000
pvPosZ = 0.000000
pvPosR = 0.000000
pvVW = 0
pvModel = 0
pvLock = 0
pvLocked = 0
pvPaintJob = 0
pvColor1 = 0
pvColor2 = 0
pvAllowPlayer = 
pvAllowedPlayerId = 0
pvPark = 0
pvStereo = 0
pvNumberPlate = 
pvPrice = 0
pvTicket = 0
pvImpounded = 0
pvFuel = 0
pvHealth = 0.000000
pvSpawned = 0
pvEnVenta = 0
pvEnVentaP = 0
pv35Weapon0 = 0
pv35Municion0 = 0
pv35Weapon1 = 0
pv35Municion1 = 0
pv35Weapon2 = 0
pv35Municion2 = 0
pv35Mod0 = 0
pv35Mod1 = 0
pv35Mod2 = 0
pv35Mod3 = 0
pv35Mod4 = 0
pv35Mod5 = 0
pv35Mod6 = 0
pv35Mod7 = 0
pv35Mod8 = 0
pv35Mod9 = 0
pv35Mod10 = 0
pv35Mod11 = 0
pv35Mod12 = 0
pv35Mod13 = 0
pv35Mod14 = 0
