[PVData]
pvOwner = Nadie
pvPosX = 0.000000
pvPosY = 0.000000
pvPosZ = 0.000000
pvPosR = 0.000000
pvVW = 0
pvModel = 0
pvLock = 0
pvLocked = 0
pvPaintJob = 0
pvColor1 = 0
pvColor2 = 0
pvAllowPlayer = 
pvAllowedPlayerId = 0
pvPark = 0
pvStereo = 0
pvNumberPlate = 
pvPrice = 0
pvTicket = 0
pvImpounded = 0
pvFuel = 0
pvHealth = 0.000000
pvSpawned = 0
pvEnVenta = 0
pvEnVentaP = 0
pv36Weapon0 = 0
pv36Municion0 = 0
pv36Weapon1 = 0
pv36Municion1 = 0
pv36Weapon2 = 0
pv36Municion2 = 0
pv36Mod0 = 0
pv36Mod1 = 0
pv36Mod2 = 0
pv36Mod3 = 0
pv36Mod4 = 0
pv36Mod5 = 0
pv36Mod6 = 0
pv36Mod7 = 0
pv36Mod8 = 0
pv36Mod9 = 0
pv36Mod10 = 0
pv36Mod11 = 0
pv36Mod12 = 0
pv36Mod13 = 0
pv36Mod14 = 0
