[PVData]
pvOwner = Nadie
pvPosX = 0.000000
pvPosY = 0.000000
pvPosZ = 0.000000
pvPosR = 0.000000
pvVW = 0
pvModel = 0
pvLock = 0
pvLocked = 0
pvPaintJob = 0
pvColor1 = 0
pvColor2 = 0
pvAllowPlayer = 
pvAllowedPlayerId = 0
pvPark = 0
pvStereo = 0
pvNumberPlate = 
pvPrice = 0
pvTicket = 0
pvImpounded = 0
pvFuel = 0
pvHealth = 0.000000
pvSpawned = 0
pvEnVenta = 0
pvEnVentaP = 0
pv39Weapon0 = 0
pv39Municion0 = 0
pv39Weapon1 = 0
pv39Municion1 = 0
pv39Weapon2 = 0
pv39Municion2 = 0
pv39Mod0 = 0
pv39Mod1 = 0
pv39Mod2 = 0
pv39Mod3 = 0
pv39Mod4 = 0
pv39Mod5 = 0
pv39Mod6 = 0
pv39Mod7 = 0
pv39Mod8 = 0
pv39Mod9 = 0
pv39Mod10 = 0
pv39Mod11 = 0
pv39Mod12 = 0
pv39Mod13 = 0
pv39Mod14 = 0
