[PVData]
pvOwner = Nadie
pvPosX = 0.000000
pvPosY = 0.000000
pvPosZ = 0.000000
pvPosR = 0.000000
pvVW = 0
pvModel = 0
pvLock = 0
pvLocked = 0
pvPaintJob = 0
pvColor1 = 0
pvColor2 = 0
pvAllowPlayer = 
pvAllowedPlayerId = 0
pvPark = 0
pvStereo = 0
pvNumberPlate = 
pvPrice = 0
pvTicket = 0
pvImpounded = 0
pvFuel = 0
pvHealth = 0.000000
pvSpawned = 0
pvEnVenta = 0
pvEnVentaP = 0
pv40Weapon0 = 0
pv40Municion0 = 0
pv40Weapon1 = 0
pv40Municion1 = 0
pv40Weapon2 = 0
pv40Municion2 = 0
pv40Mod0 = 0
pv40Mod1 = 0
pv40Mod2 = 0
pv40Mod3 = 0
pv40Mod4 = 0
pv40Mod5 = 0
pv40Mod6 = 0
pv40Mod7 = 0
pv40Mod8 = 0
pv40Mod9 = 0
pv40Mod10 = 0
pv40Mod11 = 0
pv40Mod12 = 0
pv40Mod13 = 0
pv40Mod14 = 0
