[PVData]
pvOwner = Nadie
pvPosX = 0.000000
pvPosY = 0.000000
pvPosZ = 0.000000
pvPosR = 0.000000
pvVW = 0
pvModel = 0
pvLock = 0
pvLocked = 0
pvPaintJob = 0
pvColor1 = 0
pvColor2 = 0
pvAllowPlayer = 
pvAllowedPlayerId = 0
pvPark = 0
pvStereo = 0
pvNumberPlate = 
pvPrice = 0
pvTicket = 0
pvImpounded = 0
pvFuel = 0
pvHealth = 0.000000
pvSpawned = 0
pvEnVenta = 0
pvEnVentaP = 0
pv41Weapon0 = 0
pv41Municion0 = 0
pv41Weapon1 = 0
pv41Municion1 = 0
pv41Weapon2 = 0
pv41Municion2 = 0
pv41Mod0 = 0
pv41Mod1 = 0
pv41Mod2 = 0
pv41Mod3 = 0
pv41Mod4 = 0
pv41Mod5 = 0
pv41Mod6 = 0
pv41Mod7 = 0
pv41Mod8 = 0
pv41Mod9 = 0
pv41Mod10 = 0
pv41Mod11 = 0
pv41Mod12 = 0
pv41Mod13 = 0
pv41Mod14 = 0
