[PVData]
pvOwner = Nadie
pvPosX = 0.000000
pvPosY = 0.000000
pvPosZ = 0.000000
pvPosR = 0.000000
pvVW = 0
pvModel = 0
pvLock = 0
pvLocked = 0
pvPaintJob = 0
pvColor1 = 0
pvColor2 = 0
pvAllowPlayer = 
pvAllowedPlayerId = 0
pvPark = 0
pvStereo = 0
pvNumberPlate = 
pvPrice = 0
pvTicket = 0
pvImpounded = 0
pvFuel = 0
pvHealth = 0.000000
pvSpawned = 0
pvEnVenta = 0
pvEnVentaP = 0
pv42Weapon0 = 0
pv42Municion0 = 0
pv42Weapon1 = 0
pv42Municion1 = 0
pv42Weapon2 = 0
pv42Municion2 = 0
pv42Mod0 = 0
pv42Mod1 = 0
pv42Mod2 = 0
pv42Mod3 = 0
pv42Mod4 = 0
pv42Mod5 = 0
pv42Mod6 = 0
pv42Mod7 = 0
pv42Mod8 = 0
pv42Mod9 = 0
pv42Mod10 = 0
pv42Mod11 = 0
pv42Mod12 = 0
pv42Mod13 = 0
pv42Mod14 = 0
