[PVData]
pvOwner = Nadie
pvPosX = 0.000000
pvPosY = 0.000000
pvPosZ = 0.000000
pvPosR = 0.000000
pvVW = 0
pvModel = 0
pvLock = 0
pvLocked = 0
pvPaintJob = 0
pvColor1 = 0
pvColor2 = 0
pvAllowPlayer = 
pvAllowedPlayerId = 0
pvPark = 0
pvStereo = 0
pvNumberPlate = 
pvPrice = 0
pvTicket = 0
pvImpounded = 0
pvFuel = 0
pvHealth = 0.000000
pvSpawned = 0
pvEnVenta = 0
pvEnVentaP = 0
pv43Weapon0 = 0
pv43Municion0 = 0
pv43Weapon1 = 0
pv43Municion1 = 0
pv43Weapon2 = 0
pv43Municion2 = 0
pv43Mod0 = 0
pv43Mod1 = 0
pv43Mod2 = 0
pv43Mod3 = 0
pv43Mod4 = 0
pv43Mod5 = 0
pv43Mod6 = 0
pv43Mod7 = 0
pv43Mod8 = 0
pv43Mod9 = 0
pv43Mod10 = 0
pv43Mod11 = 0
pv43Mod12 = 0
pv43Mod13 = 0
pv43Mod14 = 0
