[PVData]
pvOwner = Nadie
pvPosX = 0.000000
pvPosY = 0.000000
pvPosZ = 0.000000
pvPosR = 0.000000
pvVW = 0
pvModel = 0
pvLock = 0
pvLocked = 0
pvPaintJob = 0
pvColor1 = 0
pvColor2 = 0
pvAllowPlayer = 
pvAllowedPlayerId = 0
pvPark = 0
pvStereo = 0
pvNumberPlate = 
pvPrice = 0
pvTicket = 0
pvImpounded = 0
pvFuel = 0
pvHealth = 0.000000
pvSpawned = 0
pvEnVenta = 0
pvEnVentaP = 0
pv44Weapon0 = 0
pv44Municion0 = 0
pv44Weapon1 = 0
pv44Municion1 = 0
pv44Weapon2 = 0
pv44Municion2 = 0
pv44Mod0 = 0
pv44Mod1 = 0
pv44Mod2 = 0
pv44Mod3 = 0
pv44Mod4 = 0
pv44Mod5 = 0
pv44Mod6 = 0
pv44Mod7 = 0
pv44Mod8 = 0
pv44Mod9 = 0
pv44Mod10 = 0
pv44Mod11 = 0
pv44Mod12 = 0
pv44Mod13 = 0
pv44Mod14 = 0
