[PVData]
pvOwner = Nadie
pvPosX = 0.000000
pvPosY = 0.000000
pvPosZ = 0.000000
pvPosR = 0.000000
pvVW = 0
pvModel = 0
pvLock = 0
pvLocked = 0
pvPaintJob = 0
pvColor1 = 0
pvColor2 = 0
pvAllowPlayer = 
pvAllowedPlayerId = 0
pvPark = 0
pvStereo = 0
pvNumberPlate = 
pvPrice = 0
pvTicket = 0
pvImpounded = 0
pvFuel = 0
pvHealth = 0.000000
pvSpawned = 0
pvEnVenta = 0
pvEnVentaP = 0
pv45Weapon0 = 0
pv45Municion0 = 0
pv45Weapon1 = 0
pv45Municion1 = 0
pv45Weapon2 = 0
pv45Municion2 = 0
pv45Mod0 = 0
pv45Mod1 = 0
pv45Mod2 = 0
pv45Mod3 = 0
pv45Mod4 = 0
pv45Mod5 = 0
pv45Mod6 = 0
pv45Mod7 = 0
pv45Mod8 = 0
pv45Mod9 = 0
pv45Mod10 = 0
pv45Mod11 = 0
pv45Mod12 = 0
pv45Mod13 = 0
pv45Mod14 = 0
