[PVData]
pvOwner = Nadie
pvPosX = 0.000000
pvPosY = 0.000000
pvPosZ = 0.000000
pvPosR = 0.000000
pvVW = 0
pvModel = 0
pvLock = 0
pvLocked = 0
pvPaintJob = 0
pvColor1 = 0
pvColor2 = 0
pvAllowPlayer = 
pvAllowedPlayerId = 0
pvPark = 0
pvStereo = 0
pvNumberPlate = 
pvPrice = 0
pvTicket = 0
pvImpounded = 0
pvFuel = 0
pvHealth = 0.000000
pvSpawned = 0
pvEnVenta = 0
pvEnVentaP = 0
pv46Weapon0 = 0
pv46Municion0 = 0
pv46Weapon1 = 0
pv46Municion1 = 0
pv46Weapon2 = 0
pv46Municion2 = 0
pv46Mod0 = 0
pv46Mod1 = 0
pv46Mod2 = 0
pv46Mod3 = 0
pv46Mod4 = 0
pv46Mod5 = 0
pv46Mod6 = 0
pv46Mod7 = 0
pv46Mod8 = 0
pv46Mod9 = 0
pv46Mod10 = 0
pv46Mod11 = 0
pv46Mod12 = 0
pv46Mod13 = 0
pv46Mod14 = 0
