[PVData]
pvOwner = Nadie
pvPosX = 0.000000
pvPosY = 0.000000
pvPosZ = 0.000000
pvPosR = 0.000000
pvVW = 0
pvModel = 0
pvLock = 0
pvLocked = 0
pvPaintJob = 0
pvColor1 = 0
pvColor2 = 0
pvAllowPlayer = 
pvAllowedPlayerId = 0
pvPark = 0
pvStereo = 0
pvNumberPlate = 
pvPrice = 0
pvTicket = 0
pvImpounded = 0
pvFuel = 0
pvHealth = 0.000000
pvSpawned = 0
pvEnVenta = 0
pvEnVentaP = 0
pv48Weapon0 = 0
pv48Municion0 = 0
pv48Weapon1 = 0
pv48Municion1 = 0
pv48Weapon2 = 0
pv48Municion2 = 0
pv48Mod0 = 0
pv48Mod1 = 0
pv48Mod2 = 0
pv48Mod3 = 0
pv48Mod4 = 0
pv48Mod5 = 0
pv48Mod6 = 0
pv48Mod7 = 0
pv48Mod8 = 0
pv48Mod9 = 0
pv48Mod10 = 0
pv48Mod11 = 0
pv48Mod12 = 0
pv48Mod13 = 0
pv48Mod14 = 0
