[PVData]
pvOwner = Nadie
pvPosX = 0.000000
pvPosY = 0.000000
pvPosZ = 0.000000
pvPosR = 0.000000
pvVW = 0
pvModel = 0
pvLock = 0
pvLocked = 0
pvPaintJob = 0
pvColor1 = 0
pvColor2 = 0
pvAllowPlayer = 
pvAllowedPlayerId = 0
pvPark = 0
pvStereo = 0
pvNumberPlate = 
pvPrice = 0
pvTicket = 0
pvImpounded = 0
pvFuel = 0
pvHealth = 0.000000
pvSpawned = 0
pvEnVenta = 0
pvEnVentaP = 0
pv49Weapon0 = 0
pv49Municion0 = 0
pv49Weapon1 = 0
pv49Municion1 = 0
pv49Weapon2 = 0
pv49Municion2 = 0
pv49Mod0 = 0
pv49Mod1 = 0
pv49Mod2 = 0
pv49Mod3 = 0
pv49Mod4 = 0
pv49Mod5 = 0
pv49Mod6 = 0
pv49Mod7 = 0
pv49Mod8 = 0
pv49Mod9 = 0
pv49Mod10 = 0
pv49Mod11 = 0
pv49Mod12 = 0
pv49Mod13 = 0
pv49Mod14 = 0
