[PVData]
pvOwner = Nadie
pvPosX = 0.000000
pvPosY = 0.000000
pvPosZ = 0.000000
pvPosR = 0.000000
pvVW = 0
pvModel = 0
pvLock = 0
pvLocked = 0
pvPaintJob = 0
pvColor1 = 0
pvColor2 = 0
pvAllowPlayer = 
pvAllowedPlayerId = 0
pvPark = 0
pvStereo = 0
pvNumberPlate = 
pvPrice = 0
pvTicket = 0
pvImpounded = 0
pvFuel = 0
pvHealth = 0.000000
pvSpawned = 0
pvEnVenta = 0
pvEnVentaP = 0
pv50Weapon0 = 0
pv50Municion0 = 0
pv50Weapon1 = 0
pv50Municion1 = 0
pv50Weapon2 = 0
pv50Municion2 = 0
pv50Mod0 = 0
pv50Mod1 = 0
pv50Mod2 = 0
pv50Mod3 = 0
pv50Mod4 = 0
pv50Mod5 = 0
pv50Mod6 = 0
pv50Mod7 = 0
pv50Mod8 = 0
pv50Mod9 = 0
pv50Mod10 = 0
pv50Mod11 = 0
pv50Mod12 = 0
pv50Mod13 = 0
pv50Mod14 = 0
