[PVData]
pvOwner = Nadie
pvPosX = 0.000000
pvPosY = 0.000000
pvPosZ = 0.000000
pvPosR = 0.000000
pvVW = 0
pvModel = 0
pvLock = 0
pvLocked = 0
pvPaintJob = 0
pvColor1 = 0
pvColor2 = 0
pvAllowPlayer = 
pvAllowedPlayerId = 0
pvPark = 0
pvStereo = 0
pvNumberPlate = 
pvPrice = 0
pvTicket = 0
pvImpounded = 0
pvFuel = 0
pvHealth = 0.000000
pvSpawned = 0
pvEnVenta = 0
pvEnVentaP = 0
pv54Weapon0 = 0
pv54Municion0 = 0
pv54Weapon1 = 0
pv54Municion1 = 0
pv54Weapon2 = 0
pv54Municion2 = 0
pv54Mod0 = 0
pv54Mod1 = 0
pv54Mod2 = 0
pv54Mod3 = 0
pv54Mod4 = 0
pv54Mod5 = 0
pv54Mod6 = 0
pv54Mod7 = 0
pv54Mod8 = 0
pv54Mod9 = 0
pv54Mod10 = 0
pv54Mod11 = 0
pv54Mod12 = 0
pv54Mod13 = 0
pv54Mod14 = 0
