[PVData]
pvOwner = Nadie
pvPosX = 0.000000
pvPosY = 0.000000
pvPosZ = 0.000000
pvPosR = 0.000000
pvVW = 0
pvModel = 0
pvLock = 0
pvLocked = 0
pvPaintJob = 0
pvColor1 = 0
pvColor2 = 0
pvAllowPlayer = 
pvAllowedPlayerId = 0
pvPark = 0
pvStereo = 0
pvNumberPlate = 
pvPrice = 0
pvTicket = 0
pvImpounded = 0
pvFuel = 0
pvHealth = 0.000000
pvSpawned = 0
pvEnVenta = 0
pvEnVentaP = 0
pv55Weapon0 = 0
pv55Municion0 = 0
pv55Weapon1 = 0
pv55Municion1 = 0
pv55Weapon2 = 0
pv55Municion2 = 0
pv55Mod0 = 0
pv55Mod1 = 0
pv55Mod2 = 0
pv55Mod3 = 0
pv55Mod4 = 0
pv55Mod5 = 0
pv55Mod6 = 0
pv55Mod7 = 0
pv55Mod8 = 0
pv55Mod9 = 0
pv55Mod10 = 0
pv55Mod11 = 0
pv55Mod12 = 0
pv55Mod13 = 0
pv55Mod14 = 0
