[PVData]
pvOwner = Nadie
pvPosX = 0.000000
pvPosY = 0.000000
pvPosZ = 0.000000
pvPosR = 0.000000
pvVW = 0
pvModel = 0
pvLock = 0
pvLocked = 0
pvPaintJob = 0
pvColor1 = 0
pvColor2 = 0
pvAllowPlayer = 
pvAllowedPlayerId = 0
pvPark = 0
pvStereo = 0
pvNumberPlate = 
pvPrice = 0
pvTicket = 0
pvImpounded = 0
pvFuel = 0
pvHealth = 0.000000
pvSpawned = 0
pvEnVenta = 0
pvEnVentaP = 0
pv56Weapon0 = 0
pv56Municion0 = 0
pv56Weapon1 = 0
pv56Municion1 = 0
pv56Weapon2 = 0
pv56Municion2 = 0
pv56Mod0 = 0
pv56Mod1 = 0
pv56Mod2 = 0
pv56Mod3 = 0
pv56Mod4 = 0
pv56Mod5 = 0
pv56Mod6 = 0
pv56Mod7 = 0
pv56Mod8 = 0
pv56Mod9 = 0
pv56Mod10 = 0
pv56Mod11 = 0
pv56Mod12 = 0
pv56Mod13 = 0
pv56Mod14 = 0
