[PVData]
pvOwner = Nadie
pvPosX = 0.000000
pvPosY = 0.000000
pvPosZ = 0.000000
pvPosR = 0.000000
pvVW = 0
pvModel = 0
pvLock = 0
pvLocked = 0
pvPaintJob = 0
pvColor1 = 0
pvColor2 = 0
pvAllowPlayer = 
pvAllowedPlayerId = 0
pvPark = 0
pvStereo = 0
pvNumberPlate = 
pvPrice = 0
pvTicket = 0
pvImpounded = 0
pvFuel = 0
pvHealth = 0.000000
pvSpawned = 0
pvEnVenta = 0
pvEnVentaP = 0
pv58Weapon0 = 0
pv58Municion0 = 0
pv58Weapon1 = 0
pv58Municion1 = 0
pv58Weapon2 = 0
pv58Municion2 = 0
pv58Mod0 = 0
pv58Mod1 = 0
pv58Mod2 = 0
pv58Mod3 = 0
pv58Mod4 = 0
pv58Mod5 = 0
pv58Mod6 = 0
pv58Mod7 = 0
pv58Mod8 = 0
pv58Mod9 = 0
pv58Mod10 = 0
pv58Mod11 = 0
pv58Mod12 = 0
pv58Mod13 = 0
pv58Mod14 = 0
