[PVData]
pvOwner = Nadie
pvPosX = 0.000000
pvPosY = 0.000000
pvPosZ = 0.000000
pvPosR = 0.000000
pvVW = 0
pvModel = 0
pvLock = 0
pvLocked = 0
pvPaintJob = 0
pvColor1 = 0
pvColor2 = 0
pvAllowPlayer = 
pvAllowedPlayerId = 0
pvPark = 0
pvStereo = 0
pvNumberPlate = 
pvPrice = 0
pvTicket = 0
pvImpounded = 0
pvFuel = 0
pvHealth = 0.000000
pvSpawned = 0
pvEnVenta = 0
pvEnVentaP = 0
pv60Weapon0 = 0
pv60Municion0 = 0
pv60Weapon1 = 0
pv60Municion1 = 0
pv60Weapon2 = 0
pv60Municion2 = 0
pv60Mod0 = 0
pv60Mod1 = 0
pv60Mod2 = 0
pv60Mod3 = 0
pv60Mod4 = 0
pv60Mod5 = 0
pv60Mod6 = 0
pv60Mod7 = 0
pv60Mod8 = 0
pv60Mod9 = 0
pv60Mod10 = 0
pv60Mod11 = 0
pv60Mod12 = 0
pv60Mod13 = 0
pv60Mod14 = 0
