[PVData]
pvOwner = Nadie
pvPosX = 0.000000
pvPosY = 0.000000
pvPosZ = 0.000000
pvPosR = 0.000000
pvVW = 0
pvModel = 0
pvLock = 0
pvLocked = 0
pvPaintJob = 0
pvColor1 = 0
pvColor2 = 0
pvAllowPlayer = 
pvAllowedPlayerId = 0
pvPark = 0
pvStereo = 0
pvNumberPlate = 
pvPrice = 0
pvTicket = 0
pvImpounded = 0
pvFuel = 0
pvHealth = 0.000000
pvSpawned = 0
pvEnVenta = 0
pvEnVentaP = 0
pv62Weapon0 = 0
pv62Municion0 = 0
pv62Weapon1 = 0
pv62Municion1 = 0
pv62Weapon2 = 0
pv62Municion2 = 0
pv62Mod0 = 0
pv62Mod1 = 0
pv62Mod2 = 0
pv62Mod3 = 0
pv62Mod4 = 0
pv62Mod5 = 0
pv62Mod6 = 0
pv62Mod7 = 0
pv62Mod8 = 0
pv62Mod9 = 0
pv62Mod10 = 0
pv62Mod11 = 0
pv62Mod12 = 0
pv62Mod13 = 0
pv62Mod14 = 0
