[PVData]
pvOwner = Nadie
pvPosX = 0.000000
pvPosY = 0.000000
pvPosZ = 0.000000
pvPosR = 0.000000
pvVW = 0
pvModel = 0
pvLock = 0
pvLocked = 0
pvPaintJob = 0
pvColor1 = 0
pvColor2 = 0
pvAllowPlayer = 
pvAllowedPlayerId = 0
pvPark = 0
pvStereo = 0
pvNumberPlate = 
pvPrice = 0
pvTicket = 0
pvImpounded = 0
pvFuel = 0
pvHealth = 0.000000
pvSpawned = 0
pvEnVenta = 0
pvEnVentaP = 0
pv64Weapon0 = 0
pv64Municion0 = 0
pv64Weapon1 = 0
pv64Municion1 = 0
pv64Weapon2 = 0
pv64Municion2 = 0
pv64Mod0 = 0
pv64Mod1 = 0
pv64Mod2 = 0
pv64Mod3 = 0
pv64Mod4 = 0
pv64Mod5 = 0
pv64Mod6 = 0
pv64Mod7 = 0
pv64Mod8 = 0
pv64Mod9 = 0
pv64Mod10 = 0
pv64Mod11 = 0
pv64Mod12 = 0
pv64Mod13 = 0
pv64Mod14 = 0
