[PVData]
pvOwner = Nadie
pvPosX = 0.000000
pvPosY = 0.000000
pvPosZ = 0.000000
pvPosR = 0.000000
pvVW = 0
pvModel = 0
pvLock = 0
pvLocked = 0
pvPaintJob = 0
pvColor1 = 0
pvColor2 = 0
pvAllowPlayer = 
pvAllowedPlayerId = 0
pvPark = 0
pvStereo = 0
pvNumberPlate = 
pvPrice = 0
pvTicket = 0
pvImpounded = 0
pvFuel = 0
pvHealth = 0.000000
pvSpawned = 0
pvEnVenta = 0
pvEnVentaP = 0
pv66Weapon0 = 0
pv66Municion0 = 0
pv66Weapon1 = 0
pv66Municion1 = 0
pv66Weapon2 = 0
pv66Municion2 = 0
pv66Mod0 = 0
pv66Mod1 = 0
pv66Mod2 = 0
pv66Mod3 = 0
pv66Mod4 = 0
pv66Mod5 = 0
pv66Mod6 = 0
pv66Mod7 = 0
pv66Mod8 = 0
pv66Mod9 = 0
pv66Mod10 = 0
pv66Mod11 = 0
pv66Mod12 = 0
pv66Mod13 = 0
pv66Mod14 = 0
