[PVData]
pvOwner = Nadie
pvPosX = 0.000000
pvPosY = 0.000000
pvPosZ = 0.000000
pvPosR = 0.000000
pvVW = 0
pvModel = 0
pvLock = 0
pvLocked = 0
pvPaintJob = 0
pvColor1 = 0
pvColor2 = 0
pvAllowPlayer = 
pvAllowedPlayerId = 0
pvPark = 0
pvStereo = 0
pvNumberPlate = 
pvPrice = 0
pvTicket = 0
pvImpounded = 0
pvFuel = 0
pvHealth = 0.000000
pvSpawned = 0
pvEnVenta = 0
pvEnVentaP = 0
pv67Weapon0 = 0
pv67Municion0 = 0
pv67Weapon1 = 0
pv67Municion1 = 0
pv67Weapon2 = 0
pv67Municion2 = 0
pv67Mod0 = 0
pv67Mod1 = 0
pv67Mod2 = 0
pv67Mod3 = 0
pv67Mod4 = 0
pv67Mod5 = 0
pv67Mod6 = 0
pv67Mod7 = 0
pv67Mod8 = 0
pv67Mod9 = 0
pv67Mod10 = 0
pv67Mod11 = 0
pv67Mod12 = 0
pv67Mod13 = 0
pv67Mod14 = 0
