[PVData]
pvOwner = Nadie
pvPosX = 0.000000
pvPosY = 0.000000
pvPosZ = 0.000000
pvPosR = 0.000000
pvVW = 0
pvModel = 0
pvLock = 0
pvLocked = 0
pvPaintJob = 0
pvColor1 = 0
pvColor2 = 0
pvAllowPlayer = 
pvAllowedPlayerId = 0
pvPark = 0
pvStereo = 0
pvNumberPlate = 
pvPrice = 0
pvTicket = 0
pvImpounded = 0
pvFuel = 0
pvHealth = 0.000000
pvSpawned = 0
pvEnVenta = 0
pvEnVentaP = 0
pv69Weapon0 = 0
pv69Municion0 = 0
pv69Weapon1 = 0
pv69Municion1 = 0
pv69Weapon2 = 0
pv69Municion2 = 0
pv69Mod0 = 0
pv69Mod1 = 0
pv69Mod2 = 0
pv69Mod3 = 0
pv69Mod4 = 0
pv69Mod5 = 0
pv69Mod6 = 0
pv69Mod7 = 0
pv69Mod8 = 0
pv69Mod9 = 0
pv69Mod10 = 0
pv69Mod11 = 0
pv69Mod12 = 0
pv69Mod13 = 0
pv69Mod14 = 0
