[PVData]
pvOwner = Nadie
pvPosX = 0.000000
pvPosY = 0.000000
pvPosZ = 0.000000
pvPosR = 0.000000
pvVW = 0
pvModel = 0
pvLock = 0
pvLocked = 0
pvPaintJob = 0
pvColor1 = 0
pvColor2 = 0
pvAllowPlayer = 
pvAllowedPlayerId = 0
pvPark = 0
pvStereo = 0
pvNumberPlate = 
pvPrice = 0
pvTicket = 0
pvImpounded = 0
pvFuel = 0
pvHealth = 0.000000
pvSpawned = 0
pvEnVenta = 0
pvEnVentaP = 0
pv71Weapon0 = 0
pv71Municion0 = 0
pv71Weapon1 = 0
pv71Municion1 = 0
pv71Weapon2 = 0
pv71Municion2 = 0
pv71Mod0 = 0
pv71Mod1 = 0
pv71Mod2 = 0
pv71Mod3 = 0
pv71Mod4 = 0
pv71Mod5 = 0
pv71Mod6 = 0
pv71Mod7 = 0
pv71Mod8 = 0
pv71Mod9 = 0
pv71Mod10 = 0
pv71Mod11 = 0
pv71Mod12 = 0
pv71Mod13 = 0
pv71Mod14 = 0
