[PVData]
pvOwner = Nadie
pvPosX = 0.000000
pvPosY = 0.000000
pvPosZ = 0.000000
pvPosR = 0.000000
pvVW = 0
pvModel = 0
pvLock = 0
pvLocked = 0
pvPaintJob = 0
pvColor1 = 0
pvColor2 = 0
pvAllowPlayer = 
pvAllowedPlayerId = 0
pvPark = 0
pvStereo = 0
pvNumberPlate = 
pvPrice = 0
pvTicket = 0
pvImpounded = 0
pvFuel = 0
pvHealth = 0.000000
pvSpawned = 0
pvEnVenta = 0
pvEnVentaP = 0
pv73Weapon0 = 0
pv73Municion0 = 0
pv73Weapon1 = 0
pv73Municion1 = 0
pv73Weapon2 = 0
pv73Municion2 = 0
pv73Mod0 = 0
pv73Mod1 = 0
pv73Mod2 = 0
pv73Mod3 = 0
pv73Mod4 = 0
pv73Mod5 = 0
pv73Mod6 = 0
pv73Mod7 = 0
pv73Mod8 = 0
pv73Mod9 = 0
pv73Mod10 = 0
pv73Mod11 = 0
pv73Mod12 = 0
pv73Mod13 = 0
pv73Mod14 = 0
