[PVData]
pvOwner = Nadie
pvPosX = 0.000000
pvPosY = 0.000000
pvPosZ = 0.000000
pvPosR = 0.000000
pvVW = 0
pvModel = 0
pvLock = 0
pvLocked = 0
pvPaintJob = 0
pvColor1 = 0
pvColor2 = 0
pvAllowPlayer = 
pvAllowedPlayerId = 0
pvPark = 0
pvStereo = 0
pvNumberPlate = 
pvPrice = 0
pvTicket = 0
pvImpounded = 0
pvFuel = 0
pvHealth = 0.000000
pvSpawned = 0
pvEnVenta = 0
pvEnVentaP = 0
pv74Weapon0 = 0
pv74Municion0 = 0
pv74Weapon1 = 0
pv74Municion1 = 0
pv74Weapon2 = 0
pv74Municion2 = 0
pv74Mod0 = 0
pv74Mod1 = 0
pv74Mod2 = 0
pv74Mod3 = 0
pv74Mod4 = 0
pv74Mod5 = 0
pv74Mod6 = 0
pv74Mod7 = 0
pv74Mod8 = 0
pv74Mod9 = 0
pv74Mod10 = 0
pv74Mod11 = 0
pv74Mod12 = 0
pv74Mod13 = 0
pv74Mod14 = 0
