[PVData]
pvOwner = Nadie
pvPosX = 0.000000
pvPosY = 0.000000
pvPosZ = 0.000000
pvPosR = 0.000000
pvVW = 0
pvModel = 0
pvLock = 0
pvLocked = 0
pvPaintJob = 0
pvColor1 = 0
pvColor2 = 0
pvAllowPlayer = 
pvAllowedPlayerId = 0
pvPark = 0
pvStereo = 0
pvNumberPlate = 
pvPrice = 0
pvTicket = 0
pvImpounded = 0
pvFuel = 0
pvHealth = 0.000000
pvSpawned = 0
pvEnVenta = 0
pvEnVentaP = 0
pv75Weapon0 = 0
pv75Municion0 = 0
pv75Weapon1 = 0
pv75Municion1 = 0
pv75Weapon2 = 0
pv75Municion2 = 0
pv75Mod0 = 0
pv75Mod1 = 0
pv75Mod2 = 0
pv75Mod3 = 0
pv75Mod4 = 0
pv75Mod5 = 0
pv75Mod6 = 0
pv75Mod7 = 0
pv75Mod8 = 0
pv75Mod9 = 0
pv75Mod10 = 0
pv75Mod11 = 0
pv75Mod12 = 0
pv75Mod13 = 0
pv75Mod14 = 0
