[PVData]
pvOwner = Nadie
pvPosX = 0.000000
pvPosY = 0.000000
pvPosZ = 0.000000
pvPosR = 0.000000
pvVW = 0
pvModel = 0
pvLock = 0
pvLocked = 0
pvPaintJob = 0
pvColor1 = 0
pvColor2 = 0
pvAllowPlayer = 
pvAllowedPlayerId = 0
pvPark = 0
pvStereo = 0
pvNumberPlate = 
pvPrice = 0
pvTicket = 0
pvImpounded = 0
pvFuel = 0
pvHealth = 0.000000
pvSpawned = 0
pvEnVenta = 0
pvEnVentaP = 0
pv77Weapon0 = 0
pv77Municion0 = 0
pv77Weapon1 = 0
pv77Municion1 = 0
pv77Weapon2 = 0
pv77Municion2 = 0
pv77Mod0 = 0
pv77Mod1 = 0
pv77Mod2 = 0
pv77Mod3 = 0
pv77Mod4 = 0
pv77Mod5 = 0
pv77Mod6 = 0
pv77Mod7 = 0
pv77Mod8 = 0
pv77Mod9 = 0
pv77Mod10 = 0
pv77Mod11 = 0
pv77Mod12 = 0
pv77Mod13 = 0
pv77Mod14 = 0
