[PVData]
pvOwner = Nadie
pvPosX = 0.000000
pvPosY = 0.000000
pvPosZ = 0.000000
pvPosR = 0.000000
pvVW = 0
pvModel = 0
pvLock = 0
pvLocked = 0
pvPaintJob = 0
pvColor1 = 0
pvColor2 = 0
pvAllowPlayer = 
pvAllowedPlayerId = 0
pvPark = 0
pvStereo = 0
pvNumberPlate = 
pvPrice = 0
pvTicket = 0
pvImpounded = 0
pvFuel = 0
pvHealth = 0.000000
pvSpawned = 0
pvEnVenta = 0
pvEnVentaP = 0
pv78Weapon0 = 0
pv78Municion0 = 0
pv78Weapon1 = 0
pv78Municion1 = 0
pv78Weapon2 = 0
pv78Municion2 = 0
pv78Mod0 = 0
pv78Mod1 = 0
pv78Mod2 = 0
pv78Mod3 = 0
pv78Mod4 = 0
pv78Mod5 = 0
pv78Mod6 = 0
pv78Mod7 = 0
pv78Mod8 = 0
pv78Mod9 = 0
pv78Mod10 = 0
pv78Mod11 = 0
pv78Mod12 = 0
pv78Mod13 = 0
pv78Mod14 = 0
