[PVData]
pvOwner = Nadie
pvPosX = 0.000000
pvPosY = 0.000000
pvPosZ = 0.000000
pvPosR = 0.000000
pvVW = 0
pvModel = 0
pvLock = 0
pvLocked = 0
pvPaintJob = 0
pvColor1 = 0
pvColor2 = 0
pvAllowPlayer = 
pvAllowedPlayerId = 0
pvPark = 0
pvStereo = 0
pvNumberPlate = 
pvPrice = 0
pvTicket = 0
pvImpounded = 0
pvFuel = 0
pvHealth = 0.000000
pvSpawned = 0
pvEnVenta = 0
pvEnVentaP = 0
pv79Weapon0 = 0
pv79Municion0 = 0
pv79Weapon1 = 0
pv79Municion1 = 0
pv79Weapon2 = 0
pv79Municion2 = 0
pv79Mod0 = 0
pv79Mod1 = 0
pv79Mod2 = 0
pv79Mod3 = 0
pv79Mod4 = 0
pv79Mod5 = 0
pv79Mod6 = 0
pv79Mod7 = 0
pv79Mod8 = 0
pv79Mod9 = 0
pv79Mod10 = 0
pv79Mod11 = 0
pv79Mod12 = 0
pv79Mod13 = 0
pv79Mod14 = 0
