[PVData]
pvOwner = Nadie
pvPosX = 0.000000
pvPosY = 0.000000
pvPosZ = 0.000000
pvPosR = 0.000000
pvVW = 0
pvModel = 0
pvLock = 0
pvLocked = 0
pvPaintJob = 0
pvColor1 = 0
pvColor2 = 0
pvAllowPlayer = 
pvAllowedPlayerId = 0
pvPark = 0
pvStereo = 0
pvNumberPlate = 
pvPrice = 0
pvTicket = 0
pvImpounded = 0
pvFuel = 0
pvHealth = 0.000000
pvSpawned = 0
pvEnVenta = 0
pvEnVentaP = 0
pv80Weapon0 = 0
pv80Municion0 = 0
pv80Weapon1 = 0
pv80Municion1 = 0
pv80Weapon2 = 0
pv80Municion2 = 0
pv80Mod0 = 0
pv80Mod1 = 0
pv80Mod2 = 0
pv80Mod3 = 0
pv80Mod4 = 0
pv80Mod5 = 0
pv80Mod6 = 0
pv80Mod7 = 0
pv80Mod8 = 0
pv80Mod9 = 0
pv80Mod10 = 0
pv80Mod11 = 0
pv80Mod12 = 0
pv80Mod13 = 0
pv80Mod14 = 0
