[PVData]
pvOwner = Nadie
pvPosX = 0.000000
pvPosY = 0.000000
pvPosZ = 0.000000
pvPosR = 0.000000
pvVW = 0
pvModel = 0
pvLock = 0
pvLocked = 0
pvPaintJob = 0
pvColor1 = 0
pvColor2 = 0
pvAllowPlayer = 
pvAllowedPlayerId = 0
pvPark = 0
pvStereo = 0
pvNumberPlate = 
pvPrice = 0
pvTicket = 0
pvImpounded = 0
pvFuel = 0
pvHealth = 0.000000
pvSpawned = 0
pvEnVenta = 0
pvEnVentaP = 0
pv81Weapon0 = 0
pv81Municion0 = 0
pv81Weapon1 = 0
pv81Municion1 = 0
pv81Weapon2 = 0
pv81Municion2 = 0
pv81Mod0 = 0
pv81Mod1 = 0
pv81Mod2 = 0
pv81Mod3 = 0
pv81Mod4 = 0
pv81Mod5 = 0
pv81Mod6 = 0
pv81Mod7 = 0
pv81Mod8 = 0
pv81Mod9 = 0
pv81Mod10 = 0
pv81Mod11 = 0
pv81Mod12 = 0
pv81Mod13 = 0
pv81Mod14 = 0
