[PVData]
pvOwner = Nadie
pvPosX = 0.000000
pvPosY = 0.000000
pvPosZ = 0.000000
pvPosR = 0.000000
pvVW = 0
pvModel = 0
pvLock = 0
pvLocked = 0
pvPaintJob = 0
pvColor1 = 0
pvColor2 = 0
pvAllowPlayer = 
pvAllowedPlayerId = 0
pvPark = 0
pvStereo = 0
pvNumberPlate = 
pvPrice = 0
pvTicket = 0
pvImpounded = 0
pvFuel = 0
pvHealth = 0.000000
pvSpawned = 0
pvEnVenta = 0
pvEnVentaP = 0
pv82Weapon0 = 0
pv82Municion0 = 0
pv82Weapon1 = 0
pv82Municion1 = 0
pv82Weapon2 = 0
pv82Municion2 = 0
pv82Mod0 = 0
pv82Mod1 = 0
pv82Mod2 = 0
pv82Mod3 = 0
pv82Mod4 = 0
pv82Mod5 = 0
pv82Mod6 = 0
pv82Mod7 = 0
pv82Mod8 = 0
pv82Mod9 = 0
pv82Mod10 = 0
pv82Mod11 = 0
pv82Mod12 = 0
pv82Mod13 = 0
pv82Mod14 = 0
