[PVData]
pvOwner = Nadie
pvPosX = 0.000000
pvPosY = 0.000000
pvPosZ = 0.000000
pvPosR = 0.000000
pvVW = 0
pvModel = 0
pvLock = 0
pvLocked = 0
pvPaintJob = 0
pvColor1 = 0
pvColor2 = 0
pvAllowPlayer = 
pvAllowedPlayerId = 0
pvPark = 0
pvStereo = 0
pvNumberPlate = 
pvPrice = 0
pvTicket = 0
pvImpounded = 0
pvFuel = 0
pvHealth = 0.000000
pvSpawned = 0
pvEnVenta = 0
pvEnVentaP = 0
pv84Weapon0 = 0
pv84Municion0 = 0
pv84Weapon1 = 0
pv84Municion1 = 0
pv84Weapon2 = 0
pv84Municion2 = 0
pv84Mod0 = 0
pv84Mod1 = 0
pv84Mod2 = 0
pv84Mod3 = 0
pv84Mod4 = 0
pv84Mod5 = 0
pv84Mod6 = 0
pv84Mod7 = 0
pv84Mod8 = 0
pv84Mod9 = 0
pv84Mod10 = 0
pv84Mod11 = 0
pv84Mod12 = 0
pv84Mod13 = 0
pv84Mod14 = 0
