[PVData]
pvOwner = Nadie
pvPosX = 0.000000
pvPosY = 0.000000
pvPosZ = 0.000000
pvPosR = 0.000000
pvVW = 0
pvModel = 0
pvLock = 0
pvLocked = 0
pvPaintJob = 0
pvColor1 = 0
pvColor2 = 0
pvAllowPlayer = 
pvAllowedPlayerId = 0
pvPark = 0
pvStereo = 0
pvNumberPlate = 
pvPrice = 0
pvTicket = 0
pvImpounded = 0
pvFuel = 0
pvHealth = 0.000000
pvSpawned = 0
pvEnVenta = 0
pvEnVentaP = 0
pv85Weapon0 = 0
pv85Municion0 = 0
pv85Weapon1 = 0
pv85Municion1 = 0
pv85Weapon2 = 0
pv85Municion2 = 0
pv85Mod0 = 0
pv85Mod1 = 0
pv85Mod2 = 0
pv85Mod3 = 0
pv85Mod4 = 0
pv85Mod5 = 0
pv85Mod6 = 0
pv85Mod7 = 0
pv85Mod8 = 0
pv85Mod9 = 0
pv85Mod10 = 0
pv85Mod11 = 0
pv85Mod12 = 0
pv85Mod13 = 0
pv85Mod14 = 0
