[PVData]
pvOwner = Nadie
pvPosX = 0.000000
pvPosY = 0.000000
pvPosZ = 0.000000
pvPosR = 0.000000
pvVW = 0
pvModel = 0
pvLock = 0
pvLocked = 0
pvPaintJob = 0
pvColor1 = 0
pvColor2 = 0
pvAllowPlayer = 
pvAllowedPlayerId = 0
pvPark = 0
pvStereo = 0
pvNumberPlate = 
pvPrice = 0
pvTicket = 0
pvImpounded = 0
pvFuel = 0
pvHealth = 0.000000
pvSpawned = 0
pvEnVenta = 0
pvEnVentaP = 0
pv86Weapon0 = 0
pv86Municion0 = 0
pv86Weapon1 = 0
pv86Municion1 = 0
pv86Weapon2 = 0
pv86Municion2 = 0
pv86Mod0 = 0
pv86Mod1 = 0
pv86Mod2 = 0
pv86Mod3 = 0
pv86Mod4 = 0
pv86Mod5 = 0
pv86Mod6 = 0
pv86Mod7 = 0
pv86Mod8 = 0
pv86Mod9 = 0
pv86Mod10 = 0
pv86Mod11 = 0
pv86Mod12 = 0
pv86Mod13 = 0
pv86Mod14 = 0
