[PVData]
pvOwner = Nadie
pvPosX = 0.000000
pvPosY = 0.000000
pvPosZ = 0.000000
pvPosR = 0.000000
pvVW = 0
pvModel = 0
pvLock = 0
pvLocked = 0
pvPaintJob = 0
pvColor1 = 0
pvColor2 = 0
pvAllowPlayer = 
pvAllowedPlayerId = 0
pvPark = 0
pvStereo = 0
pvNumberPlate = 
pvPrice = 0
pvTicket = 0
pvImpounded = 0
pvFuel = 0
pvHealth = 0.000000
pvSpawned = 0
pvEnVenta = 0
pvEnVentaP = 0
pv90Weapon0 = 0
pv90Municion0 = 0
pv90Weapon1 = 0
pv90Municion1 = 0
pv90Weapon2 = 0
pv90Municion2 = 0
pv90Mod0 = 0
pv90Mod1 = 0
pv90Mod2 = 0
pv90Mod3 = 0
pv90Mod4 = 0
pv90Mod5 = 0
pv90Mod6 = 0
pv90Mod7 = 0
pv90Mod8 = 0
pv90Mod9 = 0
pv90Mod10 = 0
pv90Mod11 = 0
pv90Mod12 = 0
pv90Mod13 = 0
pv90Mod14 = 0
