[PVData]
pvOwner = Nadie
pvPosX = 0.000000
pvPosY = 0.000000
pvPosZ = 0.000000
pvPosR = 0.000000
pvVW = 0
pvModel = 0
pvLock = 0
pvLocked = 0
pvPaintJob = 0
pvColor1 = 0
pvColor2 = 0
pvAllowPlayer = 
pvAllowedPlayerId = 0
pvPark = 0
pvStereo = 0
pvNumberPlate = 
pvPrice = 0
pvTicket = 0
pvImpounded = 0
pvFuel = 0
pvHealth = 0.000000
pvSpawned = 0
pvEnVenta = 0
pvEnVentaP = 0
pv91Weapon0 = 0
pv91Municion0 = 0
pv91Weapon1 = 0
pv91Municion1 = 0
pv91Weapon2 = 0
pv91Municion2 = 0
pv91Mod0 = 0
pv91Mod1 = 0
pv91Mod2 = 0
pv91Mod3 = 0
pv91Mod4 = 0
pv91Mod5 = 0
pv91Mod6 = 0
pv91Mod7 = 0
pv91Mod8 = 0
pv91Mod9 = 0
pv91Mod10 = 0
pv91Mod11 = 0
pv91Mod12 = 0
pv91Mod13 = 0
pv91Mod14 = 0
