[PVData]
pvOwner = Nadie
pvPosX = 0.000000
pvPosY = 0.000000
pvPosZ = 0.000000
pvPosR = 0.000000
pvVW = 0
pvModel = 0
pvLock = 0
pvLocked = 0
pvPaintJob = 0
pvColor1 = 0
pvColor2 = 0
pvAllowPlayer = 
pvAllowedPlayerId = 0
pvPark = 0
pvStereo = 0
pvNumberPlate = 
pvPrice = 0
pvTicket = 0
pvImpounded = 0
pvFuel = 0
pvHealth = 0.000000
pvSpawned = 0
pvEnVenta = 0
pvEnVentaP = 0
pv94Weapon0 = 0
pv94Municion0 = 0
pv94Weapon1 = 0
pv94Municion1 = 0
pv94Weapon2 = 0
pv94Municion2 = 0
pv94Mod0 = 0
pv94Mod1 = 0
pv94Mod2 = 0
pv94Mod3 = 0
pv94Mod4 = 0
pv94Mod5 = 0
pv94Mod6 = 0
pv94Mod7 = 0
pv94Mod8 = 0
pv94Mod9 = 0
pv94Mod10 = 0
pv94Mod11 = 0
pv94Mod12 = 0
pv94Mod13 = 0
pv94Mod14 = 0
