[PVData]
pvOwner = Nadie
pvPosX = 0.000000
pvPosY = 0.000000
pvPosZ = 0.000000
pvPosR = 0.000000
pvVW = 0
pvModel = 0
pvLock = 0
pvLocked = 0
pvPaintJob = 0
pvColor1 = 0
pvColor2 = 0
pvAllowPlayer = 
pvAllowedPlayerId = 0
pvPark = 0
pvStereo = 0
pvNumberPlate = 
pvPrice = 0
pvTicket = 0
pvImpounded = 0
pvFuel = 0
pvHealth = 0.000000
pvSpawned = 0
pvEnVenta = 0
pvEnVentaP = 0
pv96Weapon0 = 0
pv96Municion0 = 0
pv96Weapon1 = 0
pv96Municion1 = 0
pv96Weapon2 = 0
pv96Municion2 = 0
pv96Mod0 = 0
pv96Mod1 = 0
pv96Mod2 = 0
pv96Mod3 = 0
pv96Mod4 = 0
pv96Mod5 = 0
pv96Mod6 = 0
pv96Mod7 = 0
pv96Mod8 = 0
pv96Mod9 = 0
pv96Mod10 = 0
pv96Mod11 = 0
pv96Mod12 = 0
pv96Mod13 = 0
pv96Mod14 = 0
