[PVData]
pvOwner = Nadie
pvPosX = 0.000000
pvPosY = 0.000000
pvPosZ = 0.000000
pvPosR = 0.000000
pvVW = 0
pvModel = 0
pvLock = 0
pvLocked = 0
pvPaintJob = 0
pvColor1 = 0
pvColor2 = 0
pvAllowPlayer = 
pvAllowedPlayerId = 0
pvPark = 0
pvStereo = 0
pvNumberPlate = 
pvPrice = 0
pvTicket = 0
pvImpounded = 0
pvFuel = 0
pvHealth = 0.000000
pvSpawned = 0
pvEnVenta = 0
pvEnVentaP = 0
pv98Weapon0 = 0
pv98Municion0 = 0
pv98Weapon1 = 0
pv98Municion1 = 0
pv98Weapon2 = 0
pv98Municion2 = 0
pv98Mod0 = 0
pv98Mod1 = 0
pv98Mod2 = 0
pv98Mod3 = 0
pv98Mod4 = 0
pv98Mod5 = 0
pv98Mod6 = 0
pv98Mod7 = 0
pv98Mod8 = 0
pv98Mod9 = 0
pv98Mod10 = 0
pv98Mod11 = 0
pv98Mod12 = 0
pv98Mod13 = 0
pv98Mod14 = 0
