[PVData]
pvOwner = Nadie
pvPosX = 0.000000
pvPosY = 0.000000
pvPosZ = 0.000000
pvPosR = 0.000000
pvVW = 0
pvModel = 0
pvLock = 0
pvLocked = 0
pvPaintJob = 0
pvColor1 = 0
pvColor2 = 0
pvAllowPlayer = 
pvAllowedPlayerId = 0
pvPark = 0
pvStereo = 0
pvNumberPlate = 
pvPrice = 0
pvTicket = 0
pvImpounded = 0
pvFuel = 0
pvHealth = 0.000000
pvSpawned = 0
pvEnVenta = 0
pvEnVentaP = 0
pv99Weapon0 = 0
pv99Municion0 = 0
pv99Weapon1 = 0
pv99Municion1 = 0
pv99Weapon2 = 0
pv99Municion2 = 0
pv99Mod0 = 0
pv99Mod1 = 0
pv99Mod2 = 0
pv99Mod3 = 0
pv99Mod4 = 0
pv99Mod5 = 0
pv99Mod6 = 0
pv99Mod7 = 0
pv99Mod8 = 0
pv99Mod9 = 0
pv99Mod10 = 0
pv99Mod11 = 0
pv99Mod12 = 0
pv99Mod13 = 0
pv99Mod14 = 0
